15298
25523
50129
50128
24033
24032
33244
4257
4259
50481
24953
41501
41503
50379
10081
21251
21249
50645
50211
21839
21838
7693
40847
9881
9883
50479
6268
5547
49993
50693
9833
575
2200
49999
869
5516
1126
1125
15903
49833
8489
38441
38443
8668
46090
50782
49832
24954
45151
10082
14437
50210
794
40846
44550
50478
49468
48745
49471
6977
49869
49870
50319
8562
9540
49886
6251
8670
24182
95347
1282
5866
8574
41461
33201
41981
44122
874
6248
56067
50733
33441
95539
98963
99360
95039
20636
101607
50755
50025
24776
50732
6514
49777
6512
49533
50715
50714
49952
50834
49848
56255
49851
22372
50318
77299
9123
95923
90499
8925
90487
11086
24070
50086
50630
6410
50018
22375
95455
8032
101111
53527
100131
13735
99911
49729
10911
1265
1149
31277
29868
44887
33373
48534
49521
48535
11557
50096
50097
9326
5423
56627
6367
45730
49954
41291
56207
11175
57847
100903
101107
44915
36902
386
50470
50494
25733
50354
50422
50682
98867
56987
101115
53811
66303
101103
99079
41593
50380
22251
49609
92351
34067
57715
24627
15885
56607
49621
45740
49620
23867
23864
50863
50910
49823
49820
50838
9325
56115
30911
30910
78111
100867
22322
49698
50636
41181
44923
41331
38579
11067
50706
11018
6338
50826
100995
4011
47073
49605
49569
6068
21003
50275
82435
41371
36951
11411
82657
31335
52465
44462
50793
7159
49625
50500
49164
4010
51197
51111
51198
9663
45498
45497
5901
50862
49695
49694
50138
50622
49706
50538
43663
33827
25187
35487
64843
80347
28061
50814
7557
49561
50522
49589
48691
49839
50437
5813
50197
23228
49773
38915
68089
79378
44905
79353
70474
6541
84677
50943
56133
50936
49836
50973
48653
50975
51171
9328
5461
9330
49654
49653
50914
9662
49022
1218
5670
49010
49854
49650
33823
67713
3961
89479
81503
78407
59847
79265
24111
49617
5530
50898
9304
50906
48801
5724
50759
51787
49645
51899
51529
70567
49144
79667
89299
70631
24691
881
39363
51299
51285
51225
51293
40625
5725
51421
48491
51442
51441
50366
50364
49489
51270
51798
48670
51834
48798
83357
9170
56527
41973
42457
40427
76977
9905
50950
49459
50934
50894
49444
50326
49614
51274
49488
49825
51791
9345
48836
49677
51763
51767
46171
51821
35747
79651
77879
42299
15443
54539
77535
69443
34955
69799
48615
69051
51373
51790
51381
51382
48421
51478
51077
51076
51125
51117
9490
9491
5829
48420
48941
51726
51806
48825
48883
8654
51750
81111
79739
81175
54127
81199
41779
51314
14771
431
45254
36087
9725
5958
49786
50798
5830
5357
51731
51708
51775
51705
51759
2548
87405
51712
48909
51747
15395
76437
66891
22823
26123
39663
11771
76423
51173
70455
50321
48577
51728
51477
48521
48589
52027
48591
52011
48783
48780
31303
48459
51606
51605
51158
51126
51350
51698
51702
5542
9134
9551
957
51741
51557
35719
69015
51409
22667
11727
100571
1607
65395
49190
5318
51430
51402
51166
51162
5821
51347
51357
8605
3395
51597
5888
52215
48675
51947
52149
52117
69383
52161
89063
69387
52099
41619
51669
51937
51103
5711
52057
51030
5340
51028
6048
51344
5905
5907
46307
22531
51699
51118
31301
51590
51452
51574
9408
51618
9323
48632
51650
52126
51646
69323
52142
52138
57575
48995
49035
57615
51406
8558
51134
51146
49162
51210
51398
51010
52111
52129
52168
52245
49159
4657
51565
49947
5785
52201
48937
50991
52207
51948
51485
51353
51981
51152
51323
52055
52029
52021
9265
17
52128
8285
9299
41137
53801
72771
53803
8260
51069
49206
51931
51930
9773
46306
52122
51918
52322
52330
49230
52242
51474
52050
48658
52190
52102
51002
51570
51538
51282
51674
49069
49101
5774
52070
51018
48545
49053
6101
51581
52357
52187
51523
52341
52365
51465
52351
51893
82251
52353
49363
6719
82024
82139
51989
83665
52093
51985
9115
5411
5327
36157
49065
48429
49143
52356
77679
44223
9827
48473
87551
43636
53824
51962
453
454
8327
49061
9547
9525
52258
52230
52282
49290
52294
52286
82267
10979
82259
98633
82103
78895
4706
48506
1162
52086
49202
49306
48470
5950
48595
48594
50518
48408
51907
48709
52267
52235
51625
76774
52309
64507
18391
58001
57463
78923
5897
49359
81363
76303
35691
80443
92715
86395
30405
65067
89707
53852
16835
90247
78795
29023
48711
97455
58809
77635
58739
76903
39897
26167
5734
79993
5733
83033
53825
81623
1324
81652
81656
48664
81671
20463
64003
76715
81595
82227
82263
49575
82239
37031
70703
40733
43051
52621
48465
83061
77293
53851
83017
3503
76731
40995
91071
58148
72203
18609
28139
86371
96347
2223
1323
96775
35859
65799
7475
31043
7725
2547
84315
42447
77731
76251
1975
69439
64485
69639
55623
73255
56951
58291
85663
30575
84483
77231
41923
50233
34903
26760
15839
41703
99657
89163
5551
25979
56591
44307
82619
58683
11979
15755
24535
101947
33887
2249
16335
63579
3819
92627
100579
100671
64343
86235
100667
91163
99
27779
68299
46367
55327
92003
27715
62981
63739
27677
91
49495
98939
2763
26523
101389
20575
30471
22927
73087
25887
69415
57337
66391
48755
29699
83375
59491
61087
5927
61022
60871
60751
60851
1435
56419
59773
59823
4746
34559
73403
101497
76407
66495
50579
100031
29719
12349
35699
99575
49543
73023
26379
29599
89463
67099
28195
92055
55880
2372
27296
25167
75947
24919
37131
23339
37287
91287
46499
79407
52075
32535
53703
37299
3497
17963
55741
47371
38911
28807
80535
53591
84851
95217
52704
75739
79315
30427
6723
90451
62743
27503
5339
60331
7675
89179
89115
50927
17079
86047
89151
87819
111
14911
23367
23647
23415
100351
16943
17627
91963
43883
21727
69687
24739
41755
59891
86635
12469
78498
82482
20735
55683
57523
87467
14939
65159
29771
68231
81375
26263
17955
80751
92643
17407
68680
12279
47711
15943
37025
26597
54857
24636
31563
633
66603
30333
43926
84883
43035
30111
37223
37163
64673
45831
63447
58391
70175
57029
39031
64747
39843
62487
17903
6263
36043
94651
101831
6575
90071
77855
9915
423
90055
11491
101027
11427
36103
7839
60969
19887
59765
61176
70399
32777
35475
17983
47179
62647
57915
85003
97273
63331
4027
101123
33847
84479
28035
70991
49441
3493
70915
34835
53435
83179
78081
26199
72307
38435
53415
60419
59683
71693
94611
70147
46433
76169
79851
80551
4711
25331
54439
52599
71147
27027
27539
131
91371
44651
38779
84847
95859
4751
34843
39343
86527
47891
28367
71223
62911
26739
30915
78603
61675
36115
61343
26639
10265
8364
2037
91307
27443
77419
15167
89203
54735
76151
74445
84795
76375
61415
24475
22643
40699
78499
16171
101215
97595
95431
3047
23323
95755
80929
85479
58123
57591
1131
34341
90723
62641
77063
52643
36779
20331
63299
80483
63207
64779
37327
10343
40655
41047
40659
36407
99031
13043
40215
99675
76383
12199
27319
46467
43803
58673
8891
35647
79333
7501
31551
33363
33539
64923
46455
63467
47495
101632
81055
81267
65807
61819
101848
55389
23103
100795
78591
28945
53979
32075
19335
46651
21175
44239
6529
85927
59479
68703
91303
93555
18707
17479
1153
14653
15223
99595
30775
2315
19603
90839
17039
38907
82517
31259
17031
30655
32139
62951
7035
76779
47631
31323
13627
47899
33449
19419
95123
27287
22391
63535
83575
26276
99563
91723
84339
89995
8235
26771
24531
67923
20721
49117
75463
6571
75495
30455
52749
2611
97527
23559
23579
71539
18207
6292
77265
43105
58398
14467
88851
13695
12883
14191
77351
40459
16031
83395
95741
60239
99695
94971
85615
67451
77875
74871
34135
67471
9451
90515
72331
43263
90271
87959
64927
64819
62843
58207
15661
38045
50599
24495
65689
29127
67773
65553
71481
98402
35125
2210
56339
19167
96799
28419
77951
26059
27375
30267
41003
88123
66487
30225
13351
16343
67832
13303
83296
73237
44712
28633
59283
36199
35757
20384
80207
13863
84451
80128
81187
45691
58787
79619
63813
16107
101359
30731
62735
93019
91917
1231
86175
34651
50125
23613
83635
45709
84807
77675
95691
95295
80803
101899
6939
31661
75415
75651
75411
75643
52337
52339
191
55551
18864
24579
21637
64255
89888
57371
64195
41253
64415
56555
10491
97279
36391
14275
63827
77667
94567
95480
59637
11003
96259
73423
68777
60051
1691
60019
62827
34889
5643
24809
72096
60491
38643
26755
29403
43123
35615
12101
72667
7331
64803
37993
38072
71717
31412
6779
1203
11191
22407
91491
67575
31567
26227
93649
97631
11971
44339
30951
51943
19405
51869
31235
38031
5939
18811
14709
38421
32471
93083
62047
34727
6556
88019
87027
20367
26423
22383
74947
32971
20273
22033
80319
2751
4241
8821
17799
18443
21903
79881
86955
9803
40521
41144
90607
3195
6060
6973
49903
49735
5567
49743
100955
50043
85459
100963
11715
100971
8375
74211
76805
75451
9607
71265
40660
20911
35407
18247
33971
64603
62107
15191
45127
82535
82534
77421
53069
74147
93543
53235
93371
655
52435
66435
32939
65055
69611
49091
52595
3063
28167
85419
34295
33655
56775
24407
81095
68811
10339
68099
77383
71647
34227
63693
83407
88379
62833
83147
97035
20696
42479
34483
71479
11259
29779
7255
98417
6503
21731
1821
67411
83623
78944
16963
64379
39639
47427
15307
29919
73923
22587
51099
82365
53879
83167
77080
83011
26855
54695
54463
102063
101839
29035
58177
96055
15709
47608
94771
64679
2015
2099
90171
18871
73379
37655
72617
4967
24767
4923
72211
15899
93503
98991
47187
93347
58723
89648
35587
21331
57355
67679
33252
45141
2267
98659
22119
18383
92667
41043
39071
35967
18964
36739
36620
229
49759
43691
80096
50643
48814
12851
27459
28283
28775
98388
13775
35220
22387
28953
659
20419
7655
10255
47331
35253
9015
94492
6763
24583
68675
101971
29063
27283
14785
16547
40033
45539
46427
95043
73887
47091
79747
4859
8477
72783
83023
5387
96315
53795
63112
5860
69963
33188
101771
8903
96607
48375
25055
22175
27607
55637
7135
47819
3251
30079
38551
17667
36855
38599
88767
37103
64175
40303
23309
58283
93331
29189
58719
55117
60103
21843
14407
59031
29667
77599
34109
23209
50789
71097
63411
42187
37811
34939
39259
43451
35623
33579
48599
37119
82203
6109
82415
78095
80807
36443
60697
76319
39195
62655
31469
54876
4059
61743
38295
29931
66131
37567
21619
37607
95023
47259
89383
41211
543
94803
99335
11515
21811
64399
76703
39863
92703
87931
57987
49251
54407
54563
98759
91863
16035
55535
34589
84983
43031
3435
58183
35631
68859
97705
49579
22043
7115
41419
83455
12455
97153
100575
10703
97923
24483
23567
40495
22919
85983
1375
88831
57787
53875
84971
13151
28227
3467
57515
30025
24299
48211
58107
76275
7563
83447
90355
79763
64661
29571
11159
49771
67931
9631
29381
87283
31443
63563
58600
38135
58079
96867
68203
33135
73963
7341
70091
25703
79175
53107
62751
7007
1959
32783
1147
17131
73980
22427
15195
23407
99223
37575
41899
62135
73947
56343
13999
84699
48267
35281
32451
58263
94963
46943
48199
36319
89895
5871
54207
93991
8451
92891
14063
93979
64067
92915
87623
58535
77289
46387
81089
52803
75695
75723
94056
33811
75719
71191
74323
87107
44843
49641
23771
7971
21967
47119
16319
21723
7008
21835
21159
3299
13623
4759
100716
1779
38899
4843
68451
98987
51736
29537
99367
74513
54619
43375
80307
87263
33227
19127
76187
72943
13215
10099
97031
87187
18963
39447
90904
18637
26395
55235
24839
77513
4095
61055
9714
90759
62799
94739
48293
84685
88568
65491
26759
79777
88255
57887
63381
90645
15779
30223
62543
31747
83124
24148
27691
74749
55983
34163
32639
83403
61703
30571
24063
19227
67631
2913
43629
100159
23499
23763
44295
17715
83183
68455
29609
48113
18855
44767
46027
88271
85263
90991
88431
88223
14023
101951
19911
53355
45699
27408
16347
92987
27391
93079
2363
92881
58935
85669
33465
36805
1569
20675
40287
89125
70471
52943
93875
52779
74059
12359
88447
22003
21007
72835
42143
31968
43849
92101
54981
81057
80364
36071
40531
95739
10399
60519
46131
88947
93191
29855
35507
98783
28583
45131
7643
23227
70239
22160
70379
54999
64949
47051
74247
94039
695
50227
17867
74523
21671
21079
76325
66287
41553
31615
44287
66227
40907
1331
101449
99179
23139
16587
80489
68012
27363
90771
17783
60461
94767
23939
38891
72395
33659
76626
89719
94051
87085
88293
65224
2469
72279
28575
73909
80823
8455
6023
84271
25563
62897
36207
58696
50557
35459
77247
82683
35351
56027
13211
44103
14859
77215
71023
10949
28392
96743
60631
91251
99571
6259
7823
1439
39027
16233
93605
77031
68771
86991
27211
43161
20633
11571
62747
25375
18843
80799
31899
85183
79775
63081
40179
37323
50627
27685
56251
51839
89407
77455
11595
4535
55573
58331
84635
21859
97039
221
90473
4771
88387
49583
20707
82893
97043
63487
7415
67425
80155
42375
74501
71579
67639
26712
63859
13047
9362
13035
54177
33105
50997
53743
93209
39077
24681
80524
45199
93623
97475
96059
52517
36705
26187
66671
33087
29031
57187
64207
85847
64367
76191
32483
97615
54773
37165
44091
67671
57201
57364
45481
45997
12311
30689
43755
24643
12243
33239
41519
62512
63071
33651
63087
36633
79415
22345
1051
56019
42875
23431
66827
51883
58339
36095
54871
24515
71927
98019
83451
53255
77097
92685
40023
53207
54027
67819
89395
33595
85509
54359
33139
30943
62451
62887
64826
63063
58067
64907
19515
80947
66723
78787
22979
73251
34391
101803
17275
11855
82187
2699
66375
97205
30927
10809
66017
102039
48687
57127
3523
22403
68009
91463
2907
23435
77767
97339
38687
42647
38355
53735
34219
40137
73027
56036
84627
71019
27671
83483
94795
37463
61879
61779
54035
5063
63977
66751
68843
86467
88587
47699
25969
46519
48167
23059
62775
62795
58771
52935
30231
89275
11683
96127
96911
29784
45599
1037
18897
59951
102053
50497
49793
92960
8965
70639
67247
85747
59363
86143
6301
65373
60083
26831
26717
58407
2623
56095
90419
6707
23307
8943
49407
60171
70499
22139
14819
1967
45223
77671
85951
23075
15047
7511
2231
48727
50771
11767
51847
43247
42627
7739
50415
27615
6207
82083
24355
81895
82427
1207
78079
55903
24056
34883
13571
17431
87631
1487
479
100639
13599
100679
19727
50147
90051
19595
20165
56539
92583
7375
91763
33535
94127
94027
88333
26951
54707
691
84335
27203
44407
45427
15835
168
12335
72607
12383
63683
53807
59628
35723
4871
41379
38987
29427
1687
12871
2587
61895
49943
68279
1355
45663
5365
54075
43863
87163
11851
27095
69519
90909
90507
100823
71259
85703
44951
47635
15327
4635
13537
27865
23923
82852
32922
100377
23649
72491
26023
64989
42971
26027
64427
44519
63187
98619
91815
63515
70999
24879
46061
10511
83111
17771
43728
77475
62431
59463
62739
62711
93425
22913
89153
64404
39499
44735
84323
30503
2167
38203
43507
41451
101055
67859
56847
10115
65128
40267
71627
84106
15951
52883
95091
30667
76263
2519
8043
12191
29155
49687
74699
64091
1947
58051
69353
14007
75925
90361
75691
75703
75715
75727
45079
52673
17751
2647
45883
100591
53307
57737
5707
74635
2047
49131
26691
79019
84071
11243
4499
25711
47451
29367
34543
27883
12499
47319
28343
86329
16475
10291
70027
22143
61883
61887
60139
6831
61836
53475
45099
19907
19119
11285
32179
100341
32243
98841
87533
82741
37201
11095
42803
87641
70295
88791
94337
45963
70413
61603
591
14583
22619
59987
20255
14659
13767
52575
14483
100539
41867
4463
35975
37335
86053
101007
32071
88999
30779
35671
84487
100323
97605
31011
90511
92425
94671
681
40067
90385
98823
55229
61293
70440
22099
71783
86155
7220
39083
94431
83199
26571
56275
427
92181
92213
24053
71149
1363
23993
3843
94667
35423
4291
16995
42463
2159
16491
20657
31523
60023
39163
100259
86115
19425
64875
1539
95367
33447
3563
41311
26479
38395
93463
91847
92239
28731
71371
17371
14251
18747
91935
44959
12896
23895
85083
82527
947
21277
14595
1564
21581
17143
84613
46353
7215
56859
82715
53903
80739
87515
84995
29591
89723
1631
93471
80996
23347
36907
28821
15931
36151
31079
29351
97831
70235
84579
49339
99895
8163
28533
6608
31123
14613
29199
67735
28291
53431
47643
76255
54047
9855
31219
80435
62883
20773
349
13531
102027
47123
31537
3343
40804
99315
71543
82623
57707
69055
88559
57455
74313
36295
99487
14683
48923
90935
38680
31183
29327
72531
27159
83079
30059
4447
42427
30899
24731
11511
22503
28339
68327
88315
79563
35395
45679
42351
24291
863
61996
29935
33347
54959
63379
62443
46673
60393
32163
96116
92903
48223
97271
45251
12939
13307
92407
100435
21291
8623
35159
49739
60507
44831
59343
14087
8945
84319
41247
535
74755
67911
14627
11615
25463
22271
13535
10375
82911
64797
15
18071
88924
70491
19129
55815
44947
29359
76799
987
89999
6483
49683
34485
23947
8951
22315
51867
37639
40399
7267
7959
40331
57239
78667
20565
82119
82395
76957
11779
35185
97620
16683
33830
55963
88923
96683
96779
42315
96455
16303
14999
21959
56431
32055
57359
94911
66140
1387
3355
29387
1459
20592
11743
41059
37228
38835
17467
42959
38967
20511
2227
20499
1503
50703
26407
77771
72999
69359
7975
42543
36107
79835
62469
84523
47435
59555
10347
84075
99813
2143
67507
10505
32283
7143
47863
84399
79259
31795
47459
32199
48231
59139
88203
90699
63179
25723
32239
63167
77131
62403
36323
33583
22359
23725
16328
63808
54529
19293
90995
9405
62283
31463
62063
30739
4723
15447
86699
78803
41683
93595
39747
44473
7611
29306
67855
67899
42655
38828
90599
56579
40548
68789
55959
8087
39587
55899
72351
72067
73295
72355
11935
72075
91187
57227
74772
55159
100687
86009
11831
74887
4907
38903
33281
41427
27115
6647
34183
7091
79131
61687
85971
25163
80263
5159
3987
15295
74899
14889
40931
44691
18279
25115
53565
59119
2779
98818
98557
23243
12799
57759
895
7465
27699
25371
93939
46995
47827
100423
86283
34379
41415
40419
4075
72076
5188
89211
65592
76295
100395
1455
59373
30036
31423
35999
16299
39423
3543
49279
34839
7795
97491
31513
95247
77699
45159
14577
36911
61515
31571
60611
41839
44009
60583
60543
40059
92587
61591
70319
80723
93487
42231
89157
10711
35551
87672
61524
61428
33563
94635
10420
35301
55889
26603
20967
100235
39547
93023
34853
22987
98971
13907
25311
91219
97835
14607
93479
3951
40923
93997
29391
58747
88031
37879
89579
88287
43475
30811
77123
47303
82739
93659
71279
85507
4432
82443
5031
86703
37261
31667
90547
9707
92475
90615
86103
88043
89559
29939
28359
53959
56047
89415
9865
68079
5469
29069
23511
62415
40482
27911
72843
36363
25551
72551
101409
99139
90955
48031
21211
33487
13701
30599
23797
17011
69131
64291
9037
60187
66471
36721
36283
16435
25095
62959
36367
4427
55979
56619
44067
72515
55879
60311
77523
34115
31451
82771
14835
71171
56867
48387
3575
26803
97601
31884
72456
73043
52015
62197
97619
32251
42615
25783
43015
26363
42179
28859
87499
27825
88193
33183
101515
87881
467
97399
14083
42811
17375
43129
13567
19095
15108
2195
45735
67845
49867
50411
97235
82023
7817
65655
32455
16405
33020
26447
1887
3287
15639
41051
68083
4247
69339
33623
66807
4323
33515
56107
10231
89021
86943
10383
19247
10027
67359
3323
5644
86179
8579
49951
51851
51859
6811
5607
65803
65787
2983
48001
4847
54991
84963
15879
94747
89033
27523
94639
3085
24159
88783
15499
69119
52635
85339
19543
27415
44683
18235
70935
44135
57519
30437
38491
99359
32903
99355
24243
78031
99663
50151
79145
35061
35399
43897
53991
29100
89873
29096
18925
14455
58923
11815
58583
65091
17219
32949
88897
73187
72101
3315
56549
49107
19435
56319
68951
28040
80587
80515
56091
57699
84603
17633
17225
16387
87159
89423
94679
3604
24283
1197
27077
78901
63079
89351
29740
69027
36211
31783
89967
91939
69981
90999
86579
57279
88683
77695
44191
79260
99567
9720
3243
41467
36023
35655
34555
42727
42888
36335
66591
26483
9269
15129
79555
8873
100079
68055
60403
35960
58253
65043
2473
31023
36741
14923
98907
24011
19323
74939
13791
42107
72011
45443
46017
29847
57416
84816
73001
3357
1179
11271
31621
14027
57535
92419
29527
38595
11147
28025
17323
76379
15847
76487
100209
20144
39768
100175
10183
100223
36435
40947
89739
14443
61786
82979
54835
57335
100295
22903
59369
61271
56917
21247
38709
20779
42899
42339
42415
27425
43179
19827
100315
37315
6727
8799
98827
26711
48059
28539
46271
20379
40959
43351
41791
94687
69395
38219
26967
69303
55419
2687
38403
82929
6161
82647
1471
16763
25961
571
6345
20865
31627
62179
43499
80623
54101
27505
95003
66445
100623
56179
58491
7459
9563
16791
30459
72895
17503
1903
42367
28543
42111
80023
39523
80043
39339
37283
37295
37303
24423
8849
69635
67079
9831
91681
88079
16245
23447
56679
46035
30203
100527
1335
100739
24135
46603
4875
31595
16219
32299
6815
100111
40479
84259
76207
32447
79491
72935
85503
57391
16193
26991
12119
86239
71699
84079
36183
23259
42471
31919
56667
1351
57507
32683
28427
62079
3967
63753
91419
83783
28131
82663
19899
33767
17388
3307
14395
8999
69951
43655
41223
54384
45051
2439
12621
50307
44302
54391
38971
67011
88595
100567
12408
42255
100411
67399
85375
65141
7551
90535
58093
77075
8051
16891
76987
46319
88615
45851
43119
45975
43067
67591
68359
69707
30687
48299
85395
46695
11307
96999
76467
11071
68807
24253
96931
73207
70971
823
29187
82847
54155
21359
619
23875
27675
6711
483
16155
55547
8495
63931
9185
88591
87383
87363
21223
97239
67405
50292
1997
51819
39015
51623
51263
65575
92292
57743
65811
46927
90373
24027
54783
79511
27229
29807
84123
24107
12435
45619
24295
64763
38059
38255
18763
21631
10012
54487
71439
65031
27291
21187
63691
4627
37763
21787
89951
21503
89623
46595
25791
835
60443
45811
29559
23543
66515
56159
55223
39151
3487
56227
57007
35711
2300
30055
60985
41947
58408
62229
50464
89523
54915
13061
21951
359
38731
16647
67579
78103
57011
55555
6239
56075
63843
63983
62193
63792
46314
46313
62220
44584
64069
24040
70371
86947
93259
48187
42035
46691
41207
56509
93441
26993
76841
63895
63583
63899
57979
62125
62126
61649
44808
61949
87143
86639
93245
20839
87031
10307
12809
3792
34299
45027
101659
97575
26259
97771
63953
298
63335
60399
61935
37555
62167
62166
60091
60089
17620
89227
12043
20371
85817
84973
80371
39451
10695
39559
98259
76475
98327
2239
14715
47135
84891
54685
3407
3405
54399
28151
99636
31085
62277
92519
15939
93251
40127
94060
91439
39411
39723
68991
7131
98360
85843
82807
39315
70699
22723
1227
311
68207
26149
19291
26148
31411
85631
61754
61755
62093
88215
3095
15849
30703
88699
40679
56191
29831
68839
40819
78919
26883
12247
14779
27508
27059
3223
24019
1357
47671
48371
31255
62137
86308
62012
69561
98957
97479
15343
11802
25299
87647
7183
47011
86443
18115
62307
29567
93185
27315
42499
100075
31107
86293
48291
291
9127
62016
62018
62010
62009
6759
59875
58999
99819
14699
41711
97807
52371
58127
68835
88319
41859
85531
79569
32744
67907
11127
14796
41719
67915
38367
59879
62395
62394
62404
62405
8676
94899
99067
99775
16663
95401
66895
16543
27819
94835
96419
22475
40031
2127
86135
97687
17547
7691
18930
16511
38635
48607
96566
71139
91759
29688
29690
62358
62357
62098
56991
89607
85591
74051
27821
21295
30547
60335
59467
73811
47683
76771
4687
28459
17763
35607
35939
100134
38583
5135
28547
64139
64135
47577
47578
62080
62081
62458
34627
70735
21955
16803
92415
12583
47915
46667
20752
34415
33999
29835
30623
38411
57081
56136
99002
13843
28703
64147
7599
79099
85391
45712
45713
33813
33812
54527
30124
40643
42751
28239
69675
80467
32327
28836
30359
1315
36727
18435
32127
29963
100727
56327
24003
11591
4619
59081
47679
7040
83757
77617
3755
65285
24335
65286
47078
47076
57832
19959
19951
72583
40259
80083
16787
80211
32321
72170
45823
4531
97371
24427
48259
28827
53560
97415
36381
27923
34647
35835
45167
55039
44099
24235
36495
92935
87439
92943
62028
65281
46356
34719
34867
4915
23263
33243
34015
34179
80511
7307
52687
8727
85067
99967
58143
100675
27179
15171
88083
99975
10960
33249
38989
33703
98207
93059
98515
51059
92859
87203
58656
89247
37519
3887
37435
38239
40811
22287
32873
22495
3207
58835
35439
2991
5631
33339
45847
53891
52223
54435
85699
40827
74575
76519
87359
23627
87235
92911
89631
85007
10683
37753
94600
37686
23583
101471
17363
99019
17351
54656
63548
15211
48367
77487
25643
6035
28383
91147
54551
90087
8229
50484
47223
91795
28887
54115
79455
92845
79423
28435
27139
56451
6091
25319
15760
26783
25235
43347
23375
13931
12910
23667
10947
14943
71807
21875
66339
37947
29647
28747
2939
79399
17727
79322
90695
7911
9899
25363
26183
72683
251
72367
7271
85555
28471
54647
38273
38272
12369
38251
38250
36677
46491
83343
82679
65569
46495
97534
83955
17595
11473
13919
17203
26439
68519
31115
68527
94947
21525
68615
14535
64707
16927
22469
20069
68003
92571
67969
11907
91604
38180
56407
35633
38485
148
31343
28975
62479
65503
77263
25013
40759
29951
90983
19155
31955
98003
2107
2867
24331
7355
72867
101303
40603
68627
46615
3931
8763
38105
21163
4867
80487
13379
45383
56281
86923
17911
38573
56567
43220
49831
102059
37674
11791
2383
35143
68787
47883
2263
98195
15963
29455
19467
22547
66836
66047
90959
17347
61823
7523
24139
92367
90443
1609
99591
7687
15383
20459
67531
64547
16483
98771
56563
73159
91671
21371
38469
63324
49415
69284
24399
19475
20585
23465
35463
77167
42243
47879
60831
67627
58991
33017
64087
65455
55715
20547
75
13987
23420
97389
57816
19947
13259
16595
20039
94614
67303
53719
96223
99235
63687
89775
20555
2591
4504
4506
37910
19273
53175
35791
15567
42607
38511
57555
91459
99955
32319
5575
91983
28919
87943
36047
50175
26143
25203
41447
48391
20315
13167
20063
13223
15207
9795
101571
67299
70281
54635
37095
21487
2559
35583
36988
36990
37625
19735
41735
69207
34443
35739
13715
42199
71039
71055
94828
48573
35951
7871
6875
10123
86969
86863
92791
101719
72385
59027
6127
31051
1747
46611
30587
38327
37013
28183
21509
15521
61508
39821
39657
39658
37342
11320
25168
38851
42791
43423
3419
24887
92191
34259
23767
94860
41935
44611
51137
94135
88175
16221
8939
6369
1807
31643
31275
47419
83539
2923
35115
28047
91455
45103
60591
61427
61547
59427
61251
36656
36657
39785
26588
36762
87927
47291
5147
4239
22083
5059
45307
71315
100427
44747
71095
47171
42160
63831
967
73715
86151
2083
86659
86651
5577
17723
17775
68495
62035
61469
66343
12127
60703
36663
66735
70367
39399
99075
21607
39595
39594
37096
2187
88939
52539
7639
11419
23079
70099
34763
3731
49819
72255
77719
63819
18563
17307
22463
13451
60439
20551
16947
29003
82879
35413
45399
52851
54819
26223
77243
17343
62601
25835
28607
73175
92931
92999
93115
93147
39532
39534
31635
71895
94827
91849
58551
63128
80987
84311
8827
72907
72795
20415
9259
20299
20407
49811
32767
50195
3055
17811
30563
71447
76795
17331
16251
20199
84743
187
54505
93141
3111
89123
93127
86827
21019
21239
3785
3786
37266
74823
76050
75125
47194
75135
76082
76078
76086
75137
75866
76098
75290
61314
75854
75253
52378
75200
60096
5298
10557
3005
91401
64154
18051
61329
73066
52844
31818
75323
51073
75312
8789
52711
75406
75330
52693
61319
87539
65762
57863
8431
7402
7401
75274
37859
71551
63363
79277
63171
63271
80591
72979
72983
77279
84295
44605
91207
54843
2325
45507
83559
74991
55973
56683
19811
13383
76631
6279
12027
41547
47935
86089
36304
10233
86203
84491
21679
26579
45083
98951
98947
2243
36752
36754
37234
52888
52889
9106
52875
76106
75786
75806
7991
10175
23779
29751
16655
17515
48887
97215
7980
18535
7339
71815
10063
65315
75278
75276
60874
3635
71215
4039
33839
15183
33883
90735
63103
3379
53943
92235
54883
34823
12747
78971
54955
6771
65071
93539
34279
13191
2619
69555
12667
93567
93439
93323
89219
93559
1415
55085
17353
98731
69927
1833
25594
50068
101
39429
39430
3939
75186
75142
8628
75998
76010
8778
75794
74578
83735
8127
1995
95167
12735
23051
49007
13407
18623
101491
63107
58751
15935
7575
75297
87763
87151
78168
17567
76663
3675
89491
89603
68071
21963
71879
15027
18179
83427
18267
86399
84623
48495
73319
23655
77283
58459
88183
12679
12655
90399
73883
93571
12663
85895
93619
46507
89295
92579
34819
86543
91659
24287
100062
66335
16719
69603
73383
17843
38764
38766
3389
74998
74996
75114
75214
59390
75954
97661
75898
12743
11927
12615
3899
97783
41699
48407
44763
15071
65235
18123
86931
23391
23383
2399
51463
22911
18519
87011
18807
1255
76787
100791
30219
24943
100811
100827
72451
101975
100807
17019
56479
89187
43303
76611
101295
45771
90187
46579
29267
96115
34667
45367
88959
80923
4403
81035
7039
4331
82851
48335
76699
86795
95227
10651
73415
14839
86771
92127
667
37388
45578
52894
75198
75942
52837
8722
75838
8530
51891
75554
75422
5769
72874
75470
75582
19695
75270
86611
14759
4767
23403
4591
65712
57629
54992
73139
65713
73132
71007
62667
23699
71231
28531
25815
32227
100199
56599
86563
26155
40039
26387
67703
87375
30877
46123
3375
439
33423
3683
27719
30135
33179
50115
60255
27262
85279
52407
49027
42155
82967
91595
2809
62767
95259
92167
363
91351
92147
85223
66280
43115
39116
34565
36327
75014
75015
75050
74498
74598
74486
74582
74434
74190
88351
70515
73271
49095
73786
53298
74198
74214
52742
53238
73522
73514
72506
72524
65641
72286
73178
73179
65643
54751
57901
90463
42420
56695
70579
101231
38659
40443
18159
36467
24357
80431
73267
71319
83267
29149
2700
18887
12943
1748
37585
29837
15115
26369
69717
13820
64627
4667
96264
59583
16451
41677
44468
71993
36036
92067
82988
43952
43954
36627
43567
34211
37195
67420
75062
74978
75038
52810
74650
74618
52793
53147
87047
41063
93319
93015
94131
21123
74070
74282
74078
74134
73694
72422
73650
73622
73674
73828
73082
73550
73827
73824
73081
65947
61827
57375
11519
86161
20827
90457
53781
22971
69211
84459
40911
81119
70503
55667
4415
42219
8143
19955
92371
32567
9517
10111
36131
36111
68827
7867
69203
20855
12539
59647
73501
82585
97747
72745
55363
23083
2271
101843
21468
16425
39372
21240
71979
71603
43553
23012
91200
52937
75070
75026
53329
9385
53053
70539
56083
53223
6579
46167
94067
73878
53486
74018
74262
73626
53694
73610
73538
73078
8758
73582
73574
8696
73182
8698
53455
73181
72321
18215
17135
18039
59803
40101
47783
29783
68944
41537
66679
15995
66617
56147
12923
56993
51550
90423
57443
7967
80959
54341
94221
62720
98445
4091
2639
38703
29479
69765
38195
56851
29747
47395
15375
44671
62859
60379
30863
63340
26315
42651
81031
54475
92379
6743
48195
64471
71811
43513
8806
8807
75074
74661
74310
72001
74525
52758
80915
79063
81455
81411
94777
78535
73874
74102
53447
53504
73746
73742
48981
77189
50548
59151
31025
57959
73836
73846
94545
63536
73753
73847
73841
90817
9876
19367
57791
2151
88407
88399
88355
74626
17423
97451
78547
48867
76895
81631
76961
81919
43831
24803
101977
42051
91527
99559
11315
91007
53951
1483
31619
20679
46227
32143
32395
1795
31527
32659
14484
84263
85399
92299
46396
55971
35315
29534
36415
23031
24167
17607
41029
42880
70917
34873
32359
40389
23223
63555
23179
2851
21821
19083
31055
5183
85863
62155
22527
70667
8155
15127
25729
99579
4895
56967
71491
68147
12327
11941
42029
715
68911
36028
11607
40371
22507
25775
77851
74802
32363
6099
87063
23911
94119
40087
11199
10051
18431
98231
56059
83831
59179
99751
97113
6971
84779
71143
85579
42555
57167
28611
41487
91643
37873
91575
70875
599
86077
74879
4984
11308
37087
10631
90651
9351
11967
38823
46411
49083
83555
86035
88091
32807
39775
77503
74800
37503
61440
14091
28089
44659
61435
61523
100203
36835
22371
20383
2655
37899
6231
41199
86671
88955
92619
45411
62698
101367
59959
14207
19609
80240
14591
80241
72543
99447
12195
100703
100439
89901
4825
15161
93351
55531
30017
58575
25983
45603
46539
7231
54895
93755
94227
74439
93761
15463
29549
8303
18835
4649
20579
11563
4512
91195
31557
43709
21933
15265
87583
88068
26131
85959
70847
60363
39539
5223
62511
39481
70787
32039
17705
9315
13867
55520
68633
50803
101991
53871
14459
54511
30539
63433
9840
25219
89887
20011
69231
13227
67727
95727
95783
24793
27083
97585
80812
79091
16751
11011
69191
98031
27875
72503
72107
14327
71715
67647
36343
36371
32334
100125
36455
45767
57503
10655
69743
56423
100399
94091
84895
84155
27585
43593
79343
1577
80479
44479
31509
45703
89975
61979
295
83531
40165
35403
38391
1764
40771
33417
61783
24787
23855
87655
91711
23203
39035
10519
79419
76463
41607
37791
16747
9191
60235
40243
63975
84831
45583
12367
5195
271
15423
15547
63655
8457
88675
47571
66981
87475
4595
38871
20263
38747
38951
35883
83959
83867
65775
56769
92209
57751
26751
24523
11755
3068
40739
35787
22815
22880
42247
32115
61735
5091
64711
86843
46463
43793
23363
58831
41411
9719
37055
8291
80053
80669
81497
35163
66635
50993
70740
51327
51471
51300
81149
64437
86249
39251
83429
16739
41599
92848
21587
26411
60719
30795
60515
87088
60815
84455
61391
54259
56727
13781
66739
5199
26467
73459
8164
55375
58323
58111
91319
89531
87531
81183
89139
71691
68685
43047
26847
27943
43299
25139
39347
38795
39283
94871
29587
54331
43727
28779
37465
38807
38803
96719
38811
14399
42591
13739
70523
33405
74331
26879
45299
471
38371
45665
38483
61769
89327
9359
76219
81707
76218
80037
81706
78257
53899
81475
7063
57039
57475
57183
56163
49225
49213
48481
98269
81561
80089
78505
79069
9073
83908
10643
79361
84045
83897
59991
59385
15875
83285
29875
79205
84784
14073
14100
6211
59807
82089
58883
1263
45651
87835
35123
59169
87683
68815
69111
86511
82865
14827
23707
76755
175
66351
15187
25736
24935
73399
61943
6027
18219
37011
38819
39471
37539
66527
69283
42691
93963
17587
93971
30339
93955
11579
14855
56211
62235
32895
56947
56123
79075
81243
48203
70603
62027
40307
56879
49300
81573
80767
77947
52513
82279
79087
81564
79385
83845
83439
83840
83991
78087
83972
55439
45827
17433
19591
53687
79951
71043
22415
22699
8419
66099
49221
98265
64769
97327
99083
99091
97815
101525
98739
76503
20591
41751
76967
72409
97659
82637
67552
84913
60183
64787
25859
50021
33143
31831
93283
86220
2071
64757
17339
45615
17327
99843
22875
14689
81889
7789
74835
74834
81843
7791
79604
81911
9572
48731
56032
81260
66639
57059
70611
55519
81123
82057
80836
78009
49390
56052
72463
51995
98911
54715
83881
51685
79039
76781
9781
55455
85923
24211
82383
27255
69403
36639
27891
79531
79167
19299
38399
43647
50515
101495
21107
101255
99759
10011
35181
49171
45923
20759
36571
18035
12691
7723
18939
41819
85355
2775
21335
86475
27595
91855
1695
93403
93675
8961
93279
34783
69935
47924
2607
48945
77332
76553
77333
81969
81977
78149
5593
81167
76864
81921
48565
81951
81899
82111
82104
78972
49960
82244
78951
52531
49099
49355
60011
51920
82271
81343
85731
69895
58891
39947
5739
97255
16523
28659
89403
41639
83443
83463
49511
40537
16611
65359
20987
30235
579
81287
77707
16439
81289
10329
20809
90975
74839
45555
68967
52879
44943
100935
100931
21267
25031
46653
79579
47617
25495
60752
47713
17583
81724
78832
49656
81881
81873
81989
81931
99328
82145
80747
84035
17439
98251
78064
98225
4819
36155
43175
98435
33789
43055
83672
44927
19283
72779
21751
74561
15915
76259
21579
62345
25667
90855
7943
92411
57927
24199
29927
47527
72967
57091
29979
15811
44595
81159
6143
48975
53391
76451
76659
79599
47727
81231
81423
66947
93947
71403
44895
35167
78287
58027
48723
28651
8205
85011
41167
6044
81787
78004
8505
8506
77913
78007
49329
8545
48645
78025
81717
81828
48957
48949
81713
81907
92463
81833
68235
8095
12039
79043
99187
98239
43339
78277
98439
43479
42135
93627
27423
12543
77655
4779
10887
13991
54727
95517
28379
17779
100603
47339
29439
67843
81007
51187
22543
72611
80563
52791
76531
77023
9696
76563
81520
30616
88199
10667
94003
651
68179
100907
28799
586
30785
99799
75483
22647
77903
724
52982
725
50107
78001
5447
132
9493
49761
81801
49637
81609
78849
5284
81729
26539
99135
44799
24463
10647
99191
82299
78235
81577
62332
35591
98123
21759
4455
84571
45095
21443
19215
3976
70683
33964
37063
8899
77627
11823
19497
92375
76135
68239
32835
76431
83615
30523
17499
87703
53103
86999
75417
35804
90471
55371
75383
91035
93807
82811
80473
20685
84651
93071
66395
84591
19380
78684
5393
49935
78635
80001
81808
49269
48853
5457
81735
81821
78432
78509
82213
80993
68395
99156
87897
82405
82197
76335
46447
6287
40347
44899
90940
4087
17590
60107
101639
31875
52427
54767
76471
68313
60410
77307
40027
3721
40715
87587
18459
40203
63599
13661
87099
75679
75639
8447
75655
16495
45403
25047
90638
24455
89907
25608
62207
53499
101455
53251
15563
1563
61503
47159
36967
44931
61543
87795
85076
85115
243
16307
53727
30143
73327
32507
31399
39955
43535
36447
9207
40339
58298
32459
56503
18463
11891
45891
54663
82387
28260
325
38351
100599
38043
27599
54455
36421
78609
59063
69643
33571
59579
80655
9763
20807
22863
84671
65411
79251
47951
16255
77559
30767
81139
3303
58379
40467
53963
34919
84287
27216
11466
63803
68223
33095
57975
9875
46745
71951
89059
91811
62348
39923
77755
91519
50000
60575
85965
23043
30651
69451
21465
60285
55127
31381
42183
2691
76371
89215
37979
2411
38171
27651
18507
92171
47227
32343
47987
28899
7927
90067
98735
60059
24575
91031
56935
18691
56415
63699
8079
63807
88803
44979
46323
45375
46647
31263
3039
56517
85199
47263
44515
25439
12919
84395
61715
22327
20131
91871
79015
90123
85627
25343
69539
28511
29459
89971
83803
99873
86199
60175
78915
55183
2651
9692
60523
32219
30611
26087
48083
90179
87579
55863
36099
42719
55999
87839
48351
18444
47903
47023
84435
4251
45485
79819
3427
87441
90295
47875
90091
55579
83187
63603
84191
64535
59751
1931
25903
42947
92762
53981
43399
46047
94559
100387
47460
55063
67431
58931
15631
18079
87687
41851
45727
101759
47535
101139
44207
101764
85975
34423
64795
85523
58947
11435
25695
89947
56719
54247
90007
42935
76751
3623
36167
43059
99719
1599
2891
95223
25575
46267
25579
91432
87339
87691
9364
87527
71861
47559
87651
17087
49631
97019
96023
22675
101731
2715
22263
1955
20899
46347
43943
101927
18031
18195
58895
82563
25085
92547
4318
85587
59265
28739
16513
30269
54444
23943
23877
91999
91619
85771
2293
65415
20085
19751
20003
1927
50425
57907
77651
25111
14315
31143
62895
62703
32339
3999
90219
84800
64452
87191
98685
25191
87315
89715
93431
10891
95215
92611
92759
98219
41479
55211
94443
42685
92138
12218
19699
19643
4168
92243
45055
45059
98895
82923
27479
28655
70479
19623
27655
59355
91647
31299
23331
67779
99435
39295
32273
23439
90359
70887
33427
84871
92607
41629
95207
93527
100279
90291
99347
57147
97751
95007
99468
99687
77143
55859
7119
56699
23301
88799
703
82635
767
91379
9243
66995
70395
79971
79727
95179
95291
76231
66719
30551
16883
10199
34895
15967
62239
87345
20887
17027
21879
36200
87635
99711
85301
70876
87711
87519
46591
99707
47655
99611
46531
87479
45803
46679
14387
41987
93107
61835
44679
16639
95287
79053
13427
69023
95267
8991
29183
73999
32702
73948
59071
1303
22150
18647
12456
97404
46203
36859
70903
21779
62943
12595
18111
23935
88779
8023
92443
88757
46415
42023
58959
6423
73939
72447
95279
2823
95211
23831
72303
73915
1451
41691
68023
12687
69955
739
26963
16893
99837
35811
13199
40703
49111
74923
55331
7507
15551
77733
15435
23155
34507
80647
88647
30175
35239
30881
11759
13619
101003
28003
45859
29707
62789
47853
67999
80311
26840
47183
67595
29296
7445
43519
80455
68029
15439
101871
22839
15015
15379
85055
15143
27355
20235
86124
32108
34703
42379
34396
88963
60663
30983
31647
23171
23479
67153
17211
22376
97447
47791
44173
44455
69733
76499
45315
7239
62371
30275
18799
91263
2615
14927
15275
45387
11059
53367
67515
83291
53099
4491
39395
72403
50787
42235
85235
98095
23443
90015
42059
86495
85599
65399
67351
57899
2207
71457
9163
47843
72063
25727
59763
37403
45295
3815
95331
17383
66659
14723
83327
74951
33647
53999
91547
83631
85295
9939
29053
70082
23483
35571
17927
13819
57035
26873
71728
64315
46163
71799
70975
13699
18523
66269
67615
84827
10515
38341
25741
76195
17747
44823
16099
5688
66821
55499
70215
83467
56235
85255
11455
56923
76827
55111
15291
12133
96379
99770
57175
23163
81014
58591
7647
10555
32407
30659
37171
30259
37591
5303
66979
67347
57479
55395
99127
523
6283
47515
55987
36143
42383
58795
35923
26147
58119
3479
97843
35899
21663
34899
6731
45839
46607
35211
96143
86449
56868
32419
38755
37659
12523
55171
71571
99145
47305
15626
45415
4064
2331
23191
59687
1719
3767
28983
36347
63963
48272
54759
4959
56303
100188
95270
42278
54411
44151
35979
45355
63475
47651
58187
35667
26135
8019
31729
4743
22127
23167
23599
8183
15823
35031
22943
15623
20727
44415
22939
20923
6655
44095
41795
38735
9823
70403
54823
65207
11995
63111
88007
14879
23455
23335
23591
22351
5179
14895
16375
2843
24975
8039
57992
44403
60118
55443
16863
55591
55731
37079
87867
34951
89467
63315
35521
102083
60039
50679
52431
68251
28445
44635
27379
23111
89583
34503
44983
33865
54105
22891
98425
22683
22715
33951
33219
46719
97927
28351
46739
98057
55299
20099
96897
29795
100171
80063
91995
85219
45895
54203
17311
76339
28523
22895
27148
46681
62551
35879
32291
46811
25023
32863
46807
46007
24815
41917
70139
82551
69565
32264
66701
33993
44109
19151
76323
22203
25131
38936
4484
37771
70059
29051
54415
29009
35259
97664
44211
7963
2795
3687
889
87427
48015
28667
20481
82463
80447
27279
45279
41151
39167
36599
25281
97357
28215
14427
38083
41089
24831
20791
98408
70451
13433
87716
42211
37225
35295
38947
45527
36463
14509
45529
31951
73995
31119
33399
27903
14903
59536
18419
33901
18719
87491
13803
71515
86459
100001
39319
86503
83191
22171
20671
89487
83819
82943
97411
86216
6889
21781
6885
24191
85107
61409
4035
91729
21431
37475
41383
21559
15507
93028
43191
65048
43243
87851
43311
42807
50467
23487
62339
63765
60585
60809
50328
8588
84979
71771
8597
24227
62221
62003
84739
71495
61374
70043
16795
49464
3043
69647
92319
61372
61365
76939
90747
62121
32188
61344
61407
61423
61549
30211
62278
62208
60529
60528
61245
60997
90391
70575
62092
58473
5987
61029
61201
61193
97551
62013
62187
60959
60958
61145
8645
47251
92615
6757
62129
46735
95151
59333
59829
81003
3329
62087
61089
61091
61079
61068
58695
48051
62096
45320
28963
76739
61024
61131
84667
62459
62474
10006
10007
61041
65684
92303
1259
55023
90799
26468
92011
85515
7073
66066
57215
66875
57835
71887
5264
5265
59023
97013
87913
14141
62021
65269
16259
22147
40665
53360
49059
58658
65261
65676
65677
33924
56824
77151
22055
37685
65148
4960
65661
65649
65781
59703
32214
37825
54570
54571
66029
66035
5835
16308
36676
37757
86340
65905
6695
65639
85723
31340
37822
65994
65995
7733
54573
89819
80951
37673
58544
85231
54825
57425
7665
91707
92879
9571
6010
6008
54911
65937
42387
33835
37909
50159
69047
23451
63321
54941
34983
67217
61448
65423
10497
13023
14043
37343
37627
37146
15831
61664
67277
67265
67274
67273
36760
37337
67142
67143
45985
8239
84055
73303
31311
37099
21691
66552
57569
67257
67263
84543
6895
31632
36581
67310
67309
54441
66653
53557
66529
91183
37264
37243
50058
8782
74843
8783
49748
75139
61315
75094
75203
75034
3007
52818
61328
75233
75321
75750
52709
75319
61316
72990
8430
24314
5872
66853
7613
67289
92115
92063
37232
37179
75134
9064
60873
75273
75261
66879
66877
67113
66937
63203
58471
63175
3937
3775
75144
996
75478
63319
63035
55281
66860
57859
58139
3388
36747
8630
75160
87252
67109
67108
59131
66708
88131
57919
37389
37445
52042
65991
62111
69973
67035
67027
28675
32603
36325
72088
75197
75210
73129
56199
4231
8316
44881
43543
2339
6244
37457
45039
75051
52912
8213
73407
56915
41991
13751
71531
33589
45191
75029
74977
73853
57179
55610
56735
88724
90603
56815
75027
52930
71105
71507
10815
70717
7045
36953
65387
52394
71109
73552
31533
4775
57547
80771
74625
74621
20731
3049
27336
6469
71555
10575
80763
94855
54464
83663
59983
54967
16095
44161
70211
101280
57467
63147
11423
69471
62427
14571
25415
74815
7211
2343
100163
89307
15107
18223
65256
100883
44399
24591
2425
16567
72703
65323
98045
33411
55195
60342
67979
26543
2459
85426
53667
36075
57543
35919
55257
34351
93811
74851
8919
25935
69559
16831
64203
83151
24175
91199
100595
64479
41855
85051
22991
89439
41675
92099
19259
91895
33859
10363
35511
32591
64735
90371
37740
18932
84355
22051
22063
74849
47771
12888
18907
36963
38347
39791
4903
46133
3183
18599
13323
22059
13595
18511
93599
61871
7367
49395
38359
60565
5975
64467
56573
19019
45179
45243
7949
34581
96411
96665
76879
85443
36351
36175
41912
87193
89807
23279
18851
87207
19871
89291
90685
71991
18385
6511
14183
13019
12739
14203
45607
4347
27845
80272
71663
91719
32519
59175
16731
53681
14611
64835
86631
67327
68659
56403
89043
70187
91415
84799
100975
11447
100875
95683
45635
95343
75099
76599
71667
76763
68801
25639
59459
23387
89075
23055
72863
86963
83219
22539
81496
1020
17753
27491
15263
13543
4339
38071
9675
90835
46211
80927
44351
54451
30989
15677
71527
751
73235
46219
17395
41452
51
15023
79843
71287
42283
33479
37935
71
38999
6499
39011
39511
84011
72803
84235
59147
88553
84215
100714
4571
56905
63347
21087
21193
25523
22727
9535
20999
459
24607
85875
32387
2003
29843
71067
91387
35971
40095
375
79712
39243
26535
17509
77721
77720
80038
76426
81997
67689
6377
14567
14575
73031
36523
9680
2567
5699
55487
19555
19743
1663
32183
73781
79988
79606
79991
79921
83974
9249
17415
82373
88494
68463
29135
81335
14690
15259
76552
80015
81662
9782
537
93925
80125
88296
82075
93849
95505
40799
23377
81342
78202
93909
94080
93891
17580
16065
78557
49328
78558
78015
83674
78961
90680
9969
89090
9968
92706
89091
92808
83173
92981
87013
21555
14489
14522
52983
6275
41803
5373
32435
3
22646
14629
56512
39107
92281
90377
92775
84956
13964
92773
86817
64523
100451
47973
40019
19382
75531
49665
77999
78770
77996
5778
82196
82175
89539
96497
71421
19557
14429
78613
78766
78650
78730
78714
78228
78676
78121
78333
74716
78417
82351
9389
48961
48553
81581
82036
82176
78401
9164
82308
64591
93865
91343
93864
24300
91342
21436
37903
78775
61159
11909
47803
61455
60807
11911
91843
3269
9159
14339
93741
91621
6876
94209
91622
91233
207
23723
55951
97531
53669
69183
23731
22907
41347
91555
94361
94311
85289
94308
86815
85288
93687
18411
16227
87279
38631
12782
85611
71767
55719
22636
55991
84705
86821
4052
87459
86823
95549
71867
71871
44779
67127
45575
86187
12217
84083
86951
91629
95410
76352
13431
95409
95509
34155
43911
55095
12293
71271
18503
18147
18491
3217
2720
18107
95613
95448
37120
18191
95451
95673
86983
16127
87699
12457
12561
54210
95805
95756
12685
12527
17871
95357
95892
95359
94840
95895
53932
53711
21675
99495
12669
12637
16887
44467
17571
12207
56939
78133
95982
78135
1504
95981
95957
7891
88371
87595
12206
86215
97552
70155
17915
22107
34991
13524
63092
9235
9531
10967
79639
80067
10964
54596
74519
80047
56203
85259
84539
42043
16973
48061
99126
98020
96237
96255
96206
96254
96064
96207
11128
22219
26139
56239
99146
89180
26063
78281
44803
97997
33387
82291
96169
82290
50248
84464
11021
22511
96156
16959
87071
44335
4815
92635
32715
43271
87863
98131
36891
96165
21939
96844
96008
17883
97184
64104
85756
21199
83367
27023
33040
42861
82724
42567
96894
96002
96000
42913
21543
40099
97666
97480
87995
42823
98411
97817
18451
74867
78469
96838
96013
87843
36035
23617
74866
7919
42919
97789
98481
83376
96885
10458
78830
86907
85059
22017
76915
63219
101797
96826
14983
96729
87803
2275
87223
18727
1521
79836
56383
96569
2871
26645
101467
87755
91543
27967
64947
44575
24189
8596
59309
3040
62002
83415
61356
61259
32190
1444
62049
61364
61360
62210
26587
61550
59303
58475
38796
61566
61246
62186
30890
61194
61337
61210
61146
59831
58872
45323
62086
62372
59997
61078
62473
47308
61130
60916
62389
60353
64421
61134
61042
71899
63119
66064
66063
66068
59022
65825
65729
10633
65725
65149
42596
32213
65782
65705
37759
25556
65709
66031
37823
37748
65637
65981
37713
7547
5279
7732
7664
57643
8136
54909
54943
5929
37905
37147
37907
92480
57648
65422
37339
35451
87908
33508
8617
15615
4517
61273
45984
67261
66648
67323
54440
59380
67288
67283
3773
37177
45071
37157
66594
67114
36746
37209
968
9067
66862
66884
37446
37175
75163
969
75155
66950
59130
37449
34244
52043
75130
67026
55524
75211
74919
66808
8318
52915
75966
70633
89928
74872
7044
70616
86476
674
3905
3906
672
34925
25715
52929
75009
3294
77187
4343
40823
64451
52392
74557
63463
3295
89727
74620
74705
25939
26927
37619
39467
38667
84943
2365
89119
80095
57379
9737
7921
35027
64525
2423
12023
3327
62923
69433
59527
69803
73346
839
76455
46981
69363
68329
57812
46563
26581
93416
21363
63367
12407
7387
27803
15179
47471
72487
34435
44599
45719
3475
28647
43615
89171
61929
28743
59051
31833
14955
3531
84043
60263
80427
32491
85891
36247
87983
74965
98415
98351
36215
5040
44743
80787
807
4727
34223
54295
86303
62944
54603
9131
90569
19239
91991
29573
34784
45417
69099
54891
77179
35751
53461
3567
55613
39779
97217
331
39803
69187
18495
15503
44971
58757
99244
64461
9947
15424
38527
89939
47723
4147
96671
93857
101335
88275
80735
64959
83331
101275
23515
69179
86972
99596
16503
33523
92355
70435
14231
52260
22355
87667
87563
19099
19679
12779
58251
45871
80274
55755
30671
38079
22700
39505
30831
16315
181
28515
21923
99739
11603
90299
56931
55145
18736
63575
34319
100977
101092
95879
95871
100999
95439
23507
98179
21711
14875
40710
23531
33343
62855
12935
72879
18631
13855
100887
24147
79933
33680
17931
34459
54161
17091
26987
51563
99583
72363
5767
72139
93635
39187
55907
7607
41387
39647
35195
83775
34136
40579
1671
42683
87967
36715
34335
13947
83739
47360
71487
77747
77323
84211
1279
81063
66687
101147
52547
64179
89859
96339
54279
36987
65487
82747
19921
52415
27579
91239
69123
77703
17787
35443
7107
1187
93671
29775
14159
92835
84255
90627
46184
92871
55875
68621
1732
78061
9682
79324
69666
10357
20969
58799
45256
34263
9248
78934
59364
88299
69667
1754
44583
29111
88345
40003
27091
539
79236
79105
93888
88498
14781
45456
54580
5260
78203
78998
79030
93896
93898
92705
86886
16066
78962
78873
78899
14521
87588
5375
78978
78929
93880
93883
94105
9797
65548
39352
25387
49660
1626
43391
43147
36615
14585
50651
75488
14445
14517
82174
33987
773
93901
93902
93777
93906
74204
14431
14505
14416
78742
5779
78743
82310
615
78125
49461
1618
1616
12945
78648
77923
78715
75901
78677
78052
78335
38185
78416
3992
9390
78695
48554
9413
82038
78297
9167
78413
78387
93722
93723
37136
93757
42733
94035
94033
86814
10857
45447
45227
12781
5425
35531
10468
10470
87859
77725
13058
12337
89368
13057
12858
20086
13086
95500
95501
8107
95489
24203
12180
11035
90712
90713
18359
10825
11293
63
76308
3105
12353
95416
95417
95837
77843
41739
12525
40507
91832
45195
12489
12638
12490
2757
59379
59377
95933
9033
11253
11254
12427
95965
95964
79643
95393
26669
79439
11265
95937
95938
96067
95830
98023
16713
48487
10761
11013
76800
10762
3317
96137
96136
96101
91966
44812
1981
3859
11685
11686
96011
96179
93697
90480
88992
50741
96892
21712
98201
98272
97776
98441
79549
98275
97953
5432
96836
96934
257
97816
258
24612
96385
60688
96384
98355
96108
78797
69167
25177
78829
96111
96824
96086
69427
55851
5808
97122
78253
18615
88888
87199
19135
11669
1383
96672
96489
20892
12493
87731
2219
14687
87287
69423
30495
27331
28256
91728
92083
43651
93233
4111
45091
61661
45015
6489
48279
16851
28935
43239
87175
23395
33739
61155
6907
62299
61939
31805
61257
61152
61362
60781
59302
63669
60775
61336
61326
56760
60944
7591
58875
61162
60923
60918
61098
8468
66060
60896
22728
66072
71700
65249
65730
65702
62465
53761
65706
65509
65861
65710
65980
66039
65438
21773
57642
53423
16087
37919
50960
36689
5928
65952
53385
15892
16079
6151
684
66650
67250
37241
3663
75092
75803
76059
75033
75148
52819
75977
75234
8736
75748
75508
75318
75755
72991
72697
24315
75349
8242
37268
49749
60452
75260
87715
67282
9962
76029
75477
68512
54420
76027
75177
74584
87253
60786
66886
66866
75129
75091
65990
17655
37795
75993
52865
73130
65985
55526
67074
21599
75964
75907
8212
73668
67054
66809
39303
37429
74875
74488
73855
66012
66909
8186
36336
75008
74913
71107
53400
70619
70818
74559
75045
73553
73619
100505
70555
70776
52965
74139
50985
53595
55011
85411
72125
70775
13327
71115
44645
74952
8339
71919
22451
53923
87419
38771
37579
55431
80271
28307
35007
88825
84509
20751
85564
71787
89671
72555
47739
27451
67385
6415
58823
25875
68271
28499
29687
24791
36123
53404
84229
32975
1245
84495
60159
37531
34479
37843
90329
65147
50335
2183
6935
34051
94903
71387
85359
54951
88543
61767
94520
60243
62563
58939
62247
53607
62559
101779
69299
10159
16771
95175
93951
22999
22947
52500
38844
42481
62265
54165
37439
13403
26907
7079
78395
9791
46023
21979
3459
92129
95907
22783
95973
65917
43327
56195
93
24467
82711
23239
48569
8743
38475
39799
53675
70310
63421
1943
34815
88911
4567
69391
99464
23971
57211
77995
78473
2283
13363
70561
86021
44591
45067
30375
65109
43739
42139
67375
94723
66189
4999
96363
15359
101331
42355
85929
41227
85149
95323
13671
96588
64043
64703
31719
22363
24775
39867
60259
13113
21703
19639
13807
82511
64831
8071
48715
3539
87152
97711
48712
11457
85717
46839
41525
48147
54747
41603
96735
49985
84051
58631
77507
57967
3711
74685
25097
32651
22623
5555
43939
31671
16005
23411
23539
53707
24539
59419
80659
21088
10731
22603
17175
18407
79957
93771
17921
86339
42103
61472
78735
72919
72015
71027
101883
53163
70257
49527
55855
55927
84715
12605
52563
42927
60095
85739
42771
42699
62151
58355
100631
15391
90283
37799
26835
61947
67807
100335
99699
3875
90919
71631
16455
101507
35875
11279
94607
31528
22437
83811
53195
88283
29899
44615
53323
25489
96095
7099
39815
72539
48151
25339
29339
52391
67723
89507
78062
80034
80026
25473
80018
79327
45983
88677
83315
52725
96327
79923
74893
79125
47488
88691
96575
77565
79200
88496
1753
5262
80014
78410
79997
79107
78994
88507
23819
14705
78014
48818
79028
78346
14665
1905
78898
78982
71028
35611
3147
6272
78525
76523
78930
43203
14367
78625
42319
41951
93825
78627
77986
78526
49462
78316
78757
77921
76708
77984
78126
78386
48414
78267
94508
75903
78053
78720
38186
9918
3994
78810
78694
4394
9414
78426
78298
78262
78414
78178
78514
86400
97856
30068
45023
12885
34079
22243
87130
45035
21919
95545
13087
13077
12182
1656
9469
91727
84059
57499
77643
84853
99231
87291
2540
63220
12440
1593
50920
12393
95817
72051
36468
66359
77427
96160
1982
2043
96153
26731
98073
98130
98009
92892
98277
24440
10223
99424
96841
78799
78247
96745
96747
25179
97736
96085
34271
78623
66316
25215
97121
96693
78255
97109
11649
2827
86195
14147
18659
14167
96491
96633
96676
96685
87787
101595
17147
17103
18311
86227
52455
91627
50081
8099
89880
65435
21927
21451
19415
33855
22255
43571
45863
26243
35819
48007
36311
56219
61937
56071
6906
59314
62201
54768
31883
33223
61989
62319
60796
60801
92315
90255
77044
62582
71599
71463
71235
92143
15771
60773
71467
91807
37733
58633
60982
61582
71724
30891
62718
60946
61206
86585
7590
61994
61166
94297
90263
62375
62814
60920
59213
71775
47311
38247
61094
97509
94295
60355
62377
38115
8469
61122
27109
68665
65547
64539
85619
61060
60937
77687
63117
85175
66074
57686
60933
35088
10501
8753
55069
49531
62467
7617
53763
74167
74187
65161
62444
21771
15919
74415
33061
47357
101197
21043
15345
28011
59441
59442
65837
37751
95440
65437
65898
57733
7545
37737
65914
65926
9071
37917
38066
50963
22396
101009
36690
38154
65966
65977
79183
30893
38198
53387
5480
65973
41171
21143
18347
87831
1703
37349
60724
6148
14647
41235
43436
69624
67254
67269
69311
3660
39199
8243
67213
72191
37270
4137
66534
54234
72027
35495
607
6880
75149
76035
75981
7936
60405
7028
60721
4081
28436
18343
58847
17139
72497
72889
10179
21595
54421
67066
66918
37158
31700
58539
75249
67134
67161
85779
98580
8031
52829
8403
50433
75863
8803
75775
8767
18287
13547
18019
18547
84631
17083
18555
5571
72043
10207
62907
62851
9287
60787
37794
37783
67173
37174
43227
5793
74985
75789
75985
1615
75885
18815
12531
46339
41879
45707
16859
5507
76547
68643
99027
15883
10783
10131
92159
23371
16071
67093
83
3643
34246
37582
75812
75799
8688
41903
74301
79483
20655
2359
26007
50603
18683
45267
47219
27971
101427
38321
18895
20991
87215
503
87083
19123
65986
67045
37835
37430
85623
74491
8609
74605
75929
75840
75933
59305
75767
75344
74363
75613
53333
75609
75625
61721
51499
87211
60779
13680
19207
72729
73528
73661
73671
66728
66730
84439
4221
34003
21479
8587
75745
52445
75100
5749
74601
55559
72657
56023
55739
74735
87663
74221
86619
73073
74237
72900
73957
73696
8524
73556
73703
73643
66014
70819
31127
56175
79888
41201
8503
51585
8195
74127
53151
57047
55511
10675
2583
87075
8831
74289
88343
74229
74287
53285
74005
73595
73088
73565
73709
73493
73607
53439
53402
7887
70749
39879
88463
32041
55247
21980
74138
48924
56780
53310
6703
55539
65115
92799
4119
87875
74269
74677
53491
74265
53397
74061
73569
72809
53213
72425
73615
72727
86092
55693
73489
69221
69220
56887
64387
52812
74379
74529
74372
78671
81220
78575
78107
34777
80827
53337
74088
73535
73857
73509
5509
3057
46068
79931
46831
31031
30191
54987
55139
32563
70772
73925
90977
4884
70671
25229
6487
16287
4287
89935
64576
87395
93957
95067
81641
30615
81427
81480
43967
79603
44043
43971
11351
34931
48155
31251
44023
2819
3099
72219
57771
91495
24963
31683
50613
84328
38547
39247
40239
69615
19863
56843
88979
27140
98627
25663
98699
71751
38841
92779
80181
40423
85667
59011
32803
4307
7247
17617
54317
64223
26561
91700
68855
101343
19255
26302
23355
11919
68157
92655
47335
65267
26424
89855
84755
14359
92199
487
20203
84867
69591
46038
9041
62243
69227
62623
61975
61711
62255
17948
87772
14343
59247
21884
32927
6583
12115
58319
97165
5651
36871
47327
7771
28979
29879
80691
21218
93263
99807
40803
54381
37007
9635
8313
93791
89419
1913
89015
46965
5209
39835
37255
68961
19607
41797
19879
36375
41893
40519
35639
1399
24564
46431
12619
94884
9063
24015
21035
95979
95317
215
95927
62263
101041
36887
40727
89815
69652
40863
62311
66608
9579
65079
4177
99503
65467
41123
30799
21455
6663
13319
38739
11551
83371
21336
84291
15979
24511
52663
43928
11819
88629
57951
48395
72856
30499
96147
76175
18793
19011
72847
30327
29891
67527
84119
60165
499
46722
67939
41967
10955
41135
33295
94919
32665
22743
66829
27364
29519
44805
65745
31165
31166
32611
18479
10335
17891
98399
63231
36399
101551
43039
45475
22159
28223
46195
15019
13143
101555
101535
59625
13975
55915
83383
69911
53007
69631
40308
99415
70019
99847
100283
66667
36815
44291
94152
84363
31392
46973
10579
22591
51216
50890
73035
17967
42331
89499
1304
35503
46051
91859
89343
80143
57199
29463
57163
73051
77443
78353
39669
47923
39974
12831
14651
77035
14635
88895
71163
47147
9195
2643
71929
18075
98139
52475
3911
66415
72019
2079
59155
56051
56471
14292
100503
29311
58211
99119
58055
38559
55291
5521
48662
9295
71103
5520
17959
2391
9487
36643
83795
22039
45303
43811
10739
73152
25279
37272
45467
83611
61855
56461
39572
25323
39023
24927
59871
74703
47983
71219
60819
47205
37455
99011
10571
87619
60511
50055
23803
84427
89683
86935
27551
10751
60283
69019
82371
76131
63395
55367
82423
14906
4183
101867
14907
57285
89978
42799
42867
81339
80103
80459
97515
88219
38363
48215
29755
91487
16215
100071
22583
95131
2491
15387
95143
91615
101675
99623
96439
62495
85475
33439
34675
86767
12791
92027
58955
101319
96471
11799
29056
30819
21799
2600
35207
26527
46523
38553
81638
79657
16855
42549
46283
91503
51679
91067
51235
51259
79049
79065
6584
80402
74889
79592
83549
84030
59855
77430
59919
6983
59263
60823
79126
60499
5583
94239
94123
80679
85751
29431
59744
23631
81694
79925
56151
33415
81163
55543
81226
7903
79653
81490
46508
80933
81550
81554
78182
5622
83694
83906
77882
83886
79153
83850
79229
79155
79220
10188
88419
88009
69677
38231
74411
57107
66943
56223
66803
79395
7731
52979
81378
81382
78174
49210
29415
82272
48735
9591
83854
69035
9586
9602
78909
77527
79213
341
82376
72295
4155
76223
79998
81966
78581
81606
78580
66975
57067
55627
57079
5502
36507
52270
9646
52003
49114
82919
51999
98147
4655
76127
9210
79117
78345
1188
88501
1045
18183
76764
24656
15717
78051
8854
81942
81982
81798
78422
81914
78153
78290
81994
81738
82098
81866
49366
82222
33787
36877
40583
40123
60323
36056
78953
78941
16815
71030
93894
3146
69772
78016
81838
78041
81854
81958
82006
9462
48639
82154
34427
3155
82194
98815
3067
82134
21603
41883
97959
36279
78939
94042
88390
14365
2169
76521
77990
81754
52956
81762
81870
78036
8978
78070
43136
81934
99183
97323
53459
90623
1847
86231
73201
28715
41623
82316
15596
94109
93826
93816
85632
14449
46158
77991
78342
78146
78314
78638
78646
9334
98240
81806
26323
84771
23815
46727
82341
29451
24022
82334
78318
78362
93819
83385
14418
18985
49915
48874
10934
48558
49746
81878
77970
80422
78858
5658
75781
81774
78185
76587
78457
8333
78378
78502
78266
78382
90869
93845
86673
12947
8399
75527
86675
60909
548
23283
94193
93767
2284
12764
93766
91121
21047
69992
94370
87129
93733
14178
93734
92531
12857
22247
60671
42635
99888
92436
13076
93295
92439
41011
1657
89388
87507
26236
78878
31659
12505
78877
87559
90967
48207
16899
82932
95618
56129
11055
95617
16323
79855
87307
36355
95845
95861
95104
2758
14623
44075
95105
95677
12426
37021
12422
62925
95961
95303
12391
95302
95305
31960
12176
93035
95988
95363
26189
89228
95360
11299
27198
96029
96162
95999
3318
79447
66171
95996
97362
2042
97981
97084
40572
78372
98074
98025
84351
7056
70587
78374
97298
44380
26799
96178
48749
96813
96041
24442
23823
96042
100897
97211
87167
87455
77917
10257
96843
45123
97954
34617
46891
12251
17839
79875
24614
755
46759
96932
97138
88363
98354
11200
97137
42431
87659
97738
97912
46299
46297
87451
42859
25214
97888
96692
82825
87331
96389
69083
34403
25785
97129
17579
63336
13507
1123
18619
10431
38148
16447
86136
36683
17255
87847
9987
98835
87555
15743
68295
66539
91075
71763
14971
84991
70115
21491
100207
69347
16631
85108
30443
48123
56983
42905
55831
70543
85839
70535
83131
58679
49451
24391
56639
95159
45559
91079
64359
45787
78991
67539
25799
36249
89655
56087
42505
56119
42547
97651
28079
33047
57947
47583
62581
64983
55103
56807
57797
86075
60562
63309
70923
71588
48183
45763
4133
67583
69777
20701
5636
87825
35
7345
83747
50831
83763
89455
61399
67
97141
35672
71623
86711
1111
1405
93171
52639
53470
20320
15911
98499
89237
96358
89347
52164
101251
94179
79317
72639
94159
21627
25240
70643
93255
93299
86599
87123
12097
20359
39063
39811
39731
18595
96527
3139
32909
96507
97703
101537
45040
9103
94187
20625
80495
46863
10187
62717
93303
86391
18672
93267
39783
6219
14319
28783
80255
39683
96425
40451
71835
97260
33127
27619
44739
89143
71519
8836
53135
41615
30855
15927
43487
61993
86775
94267
71943
101047
95771
90287
92267
1055
40639
87487
86667
68755
89379
38013
99899
92187
61351
9811
25591
71595
26559
5151
31103
8059
48159
47639
62813
96547
42347
85385
92259
76505
97347
86779
40748
62327
36783
24555
46639
68831
90199
46231
32366
85383
53947
99947
6095
22851
48787
88991
28203
38407
22275
6547
12363
19007
42191
16139
52999
20355
98975
90751
94643
75207
851
34811
69731
101747
31204
85693
79283
68383
55097
34747
67747
8729
10219
79011
25419
85727
83399
43219
80355
79879
98255
86367
96151
25103
16051
52907
66623
53347
97355
42303
98803
85455
55255
17767
89095
54691
63751
21419
19703
21191
19015
67731
35455
30003
6223
65247
30519
91635
10475
93203
9567
94599
62615
26403
94783
13939
94703
25567
49335
45275
32791
21083
31587
80631
22809
35943
58915
12927
76361
17231
17599
92095
7371
67307
71063
91791
62303
56077
85307
68404
56214
63951
11332
46787
45947
43467
64115
46959
37399
96479
4003
41127
22459
34771
26531
89191
84019
64363
71547
85809
64531
54631
91800
68890
77457
53359
75575
74351
65856
74419
46935
34977
53819
11947
49257
63491
32067
10413
86515
5111
68979
65505
44827
76851
63995
25811
30347
7499
68063
24383
26887
34255
92975
27175
65195
7616
52487
54199
17427
10879
28811
82815
28803
71791
55077
63455
84199
44523
83579
19003
3091
78595
94695
23295
21763
16821
16677
99935
44439
42492
14640
44783
23046
101263
35067
87247
24998
62445
57459
37495
21067
55251
34935
38159
43583
47939
31060
46571
69379
83207
28971
41363
74639
99303
100859
72047
31419
71687
41351
80675
99867
88067
80391
44990
80503
54947
63397
63743
56247
97975
47359
37111
33499
6683
37479
31799
38259
42603
34439
33007
53495
59019
41103
99783
1583
24519
100723
72675
91603
11331
11703
46743
72823
3851
97383
87483
76947
92927
32047
88467
89099
5235
29893
30435
4911
93467
37487
17419
101239
13667
10807
71203
1551
28815
47243
56351
57623
25623
26619
9807
12215
90791
51519
10003
54071
18791
69599
79487
66299
32831
799
15147
3751
48131
70063
91499
35517
12591
9659
16799
17459
45343
15691
22223
97463
59091
21303
28391
28847
25271
25379
47275
64639
90775
11183
53747
18063
101191
6447
6427
16147
2135
29319
60248
35603
28637
86413
25225
29681
20035
37738
17519
33697
18259
30923
71283
18882
44347
29635
16465
48091
15859
17207
17535
26723
17215
57075
25587
6871
43167
53767
32207
4715
17795
20056
79799
30195
20928
8907
44071
99207
21071
89839
70195
86435
38065
84647
14059
44819
44183
90875
84727
101119
91115
98135
35355
98811
1343
2719
76123
72767
17647
46343
70979
25927
84219
48099
70011
20239
80687
64047
74539
98067
97343
10279
20187
69883
59519
56803
83435
85711
38155
55423
34711
16873
12091
379
97699
87239
13815
40675
17603
17239
19780
5105
46335
65025
27063
779
94459
32123
70966
22787
64723
54251
71497
66627
20283
20455
88159
63215
56799
90347
39131
90024
62531
38023
96963
38197
90724
69068
69292
38963
41835
8252
24911
43180
25999
83711
23120
77079
4227
31012
79375
40119
86759
64095
52459
92479
17263
27627
20123
1515
99451
20439
84967
19919
86847
85119
85575
27399
21851
71087
21899
19763
37695
21139
13959
14047
10283
79501
69447
58611
90673
32819
95171
92224
55643
2507
31271
64564
91883
34947
101446
79505
50687
32915
5139
6391
491
20291
94995
90631
99251
77819
92087
85211
56535
17741
49547
21531
21427
21031
21515
61377
41251
79339
101323
33167
101643
69759
43427
79544
65479
43959
55019
11363
35323
54323
24715
42511
72119
50655
14919
1107
40439
57911
26683
25635
6851
28903
12631
18839
12827
36647
69475
47731
13463
9955
26891
10795
61483
3413
83495
100959
35799
47673
8295
33919
34563
41295
4419
30205
76975
33235
22419
42047
22563
7847
19491
70811
4919
23205
54315
25580
64871
15735
76304
12571
92079
86507
41279
28329
54651
80107
95560
45031
63719
37249
8267
37250
56787
54143
77511
53623
89771
34123
32555
927
43847
22455
23751
45319
22423
60015
22559
53775
34047
21063
63863
16011
101967
84585
79299
21655
18948
70805
86267
76791
54673
89255
76351
70111
36559
1783
54327
100471
17719
36545
72931
32679
4139
68107
71883
92151
33731
44187
88879
69791
33391
88323
33679
27483
83351
73015
13095
53511
77763
19423
59615
46971
37635
18919
86071
18827
9957
1167
12087
48501
97540
53171
21462
52179
75007
39455
86211
59107
93123
93007
93003
93139
32847
604
9311
71855
88755
25207
71471
77287
22573
91087
72871
72799
53275
53419
54151
48479
7359
54615
20391
30447
57331
20347
3143
90351
13217
13978
63459
22431
62387
1699
19047
47943
38763
71311
92995
41403
93043
93151
93119
93135
98475
21827
97775
31702
62453
7235
35051
49979
62423
58460
63779
84299
65073
72851
83071
77340
53543
20339
99555
54935
1527
30315
84431
69319
90439
13355
4391
13711
29123
36395
58235
99633
36895
30279
62145
21275
88859
19569
93563
63623
98935
96263
12983
43093
98887
17815
58227
7915
63267
63239
57171
25016
71127
96367
15651
80663
11711
90895
33895
8959
54887
71511
43319
83951
66323
89055
20348
71759
20224
91409
73795
25843
34311
69587
93415
93499
93231
93575
98573
92515
98589
275
42099
28411
67211
28315
28479
43447
94232
2155
94931
98567
63915
92327
98359
71963
99343
71847
39147
79111
100759
72115
45543
72569
91431
4383
62963
93519
88867
69535
44543
32063
12635
93435
78739
10679
29991
47443
86643
91211
93509
66231
19031
3017
40935
101693
39426
92567
14055
18263
37583
48107
99395
44511
62287
88375
63571
87351
50959
2467
55726
1291
82751
8063
22799
88607
42779
99099
88787
87059
58639
88907
55207
86831
79123
79575
9903
32991
3179
101863
86471
102007
9091
37191
82969
100237
45001
7635
19841
14471
84987
71999
22827
69623
71075
19585
56531
19531
2419
17807
76359
34735
24923
100099
13423
68255
55703
68695
88883
10771
86559
23887
30015
87369
11215
62759
7899
71475
45747
68163
69659
33175
50091
80519
78491
44759
52423
49275
447
81651
19995
41823
55151
52649
71923
91179
77571
71939
33819
67635
21399
11631
49483
6112
101227
4718
7087
55871
40812
90227
63703
69291
42775
9499
86087
51911
34471
83271
80159
32871
19160
32647
66791
50667
33151
50691
96879
9147
6737
5713
22627
24903
29407
72721
45759
73438
21459
70771
42663
57611
24695
21499
18363
43634
11137
7663
23235
99647
4479
24363
86625
15039
20425
20891
2387
4607
55847
699
40163
89263
33401
55947
16243
85825
98979
17847
36235
22067
3119
33055
36267
38995
69195
10227
30423
57753
28851
26823
43575
28399
71503
57795
68155
31075
60943
47343
43859
57607
56659
24663
71227
99059
72711
45959
8349
47763
68943
9983
27631
35179
84549
47623
55943
34791
36983
55747
56979
6315
47001
40072
16819
68547
46215
33871
56673
88763
83319
75761
66847
6715
90762
56495
41957
12063
8015
79895
57511
61611
90583
49585
100851
80363
41659
6919
68993
27947
60339
60451
17659
80731
56711
33939
3645
54223
67771
71819
93451
30699
43023
94983
69851
46835
69943
70679
31039
76527
34195
33431
55403
56795
97799
56153
64373
56507
232
20495
44029
73419
81259
11999
25627
22779
26015
115
44559
59099
79963
83547
61727
91135
3527
92179
24168
7855
7833
55217
29579
61859
43879
15007
33636
100699
1763
98753
12275
87971
31155
3151
90251
9215
17069
79431
88163
85767
42131
56615
89867
14363
7067
15819
10043
75119
11863
80667
95787
72775
29323
12659
29435
87052
31803
80315
68999
92231
17575
91959
54667
28756
91279
54219
32916
19343
101625
1935
36315
68764
53483
69159
62591
61731
56903
62692
23691
31199
41747
35383
93287
29375
4523
13275
5007
38507
101459
10249
93751
40767
88987
16915
88291
61117
30083
19111
827
19939
13295
20519
20467
49313
81531
38671
41993
6028
40903
54587
74459
43491
73899
71935
12481
90903
101655
95919
69985
94889
44311
76239
3579
31017
84949
56371
2595
20959
42015
18891
41535
3403
69527
67139
44719
18591
60003
71209
8135
66115
33305
5876
92434
60191
8359
68503
9711
73371
13687
39331
17932
71363
54979
16755
64489
27499
19223
23863
26679
64623
39279
39503
95237
40401
46059
2319
60949
64428
71533
47955
93311
17919
67417
44481
38647
53440
89173
37719
53789
66419
100291
76515
1875
58839
60359
46515
58579
9767
97439
25223
87273
44751
51084
17507
94923
16575
29521
65832
76649
26472
46001
26497
26649
18171
18640
9435
18199
43787
36379
18971
84563
45629
84695
15203
66315
15759
57767
28627
19251
99855
28115
97811
88035
13391
97655
39091
18127
4367
15659
40571
36787
72439
46439
25571
3253
45675
100515
62919
22075
98191
101287
68095
47063
97583
71611
35831
22111
52767
33947
20831
29511
29651
46855
37661
75891
86531
2122
80752
89128
60467
77549
1989
91336
29555
2955
22207
46239
66795
47465
59292
67707
77255
39957
37311
36821
20303
37331
24629
36767
24947
15991
22015
15999
67791
80703
71743
907
92019
98805
1877
3159
5243
18250
2305
45843
92823
101859
38839
78807
72435
13408
83535
90267
83863
100355
90667
24983
29811
82183
82095
82043
48311
65934
81271
81317
90493
64275
97855
9111
77301
7335
98999
97195
95653
95631
99747
88059
30663
102023
98603
69143
41979
12463
85207
99963
45623
4103
38011
101739
101415
62539
1139
87127
77709
45640
28677
99311
26735
99551
95199
15591
93515
97547
88207
27123
89387
32675
98317
62159
28883
14175
54739
47967
63659
68075
41155
4357
90912
4051
79401
90447
98967
19805
64569
34585
56723
99652
30380
25275
57939
66551
70085
59943
10308
59883
27101
39335
83283
68877
27204
89835
44195
2931
91755
4552
54927
46535
3679
21183
84596
15675
85187
77543
69144
79679
53303
1739
61643
99767
56580
46127
75563
32569
18307
52579
84471
95911
9007
97419
98115
95391
12795
76291
77207
1391
10033
26156
1059
7323
35073
10529
34887
14547
14553
43783
53519
7325
84507
32996
45325
99036
98613
27743
99035
77071
76279
43
101407
40871
53023
54543
3203
4163
70073
46623
97625
13511
1295
69483
47719
39139
17195
85859
49875
99917
85857
38319
59945
61115
31771
42115
23959
99603
61647
20615
50315
98743
3783
99047
11355
98543
1319
23017
99055
16867
27437
42083
73165
25653
63451
92205
90859
30639
16669
33355
86043
93643
88185
28723
89849
16173
75759
74764
16174
5741
93982
82067
49791
99455
67803
15793
29179
5933
36831
73391
22759
36593
50336
70909
46273
7155
21423
16371
17376
47047
80991
8484
13159
99735
72631
18023
79137
43999
759
16539
83307
29799
44171
33163
81079
26399
21975
47587
42755
33875
25151
93275
85141
2335
47591
12019
2987
58480
89915
21644
20240
86683
15969
93665
43599
93994
55379
21391
80399
47383
42580
58607
66563
45951
16055
64279
54267
41583
44875
31631
21415
64563
33584
83323
81405
53603
99851
46879
42087
85239
8219
9031
4219
44159
100583
34915
71739
24245
28495
58015
44935
26615
23719
29491
14462
28551
2168
14460
93884
70307
31651
5355
45047
40567
21131
18959
62903
27129
13279
50459
90131
32775
68283
67799
67787
83595
3715
44355
15715
70711
41215
77051
81331
74711
22755
83659
76063
58863
59035
33367
83239
60087
18011
35779
100939
8814
26747
74083
75519
29791
52671
60745
14450
72023
67207
45119
3581
37219
28831
19671
42124
47823
11495
31231
25351
77127
67403
31743
71841
36511
65567
29091
19903
79867
17675
28299
53111
76583
77019
17023
98715
65903
14703
69251
65279
78325
56447
93683
98215
79859
3009
14352
75487
14355
54808
85851
57423
89943
7435
90403
67663
41808
33557
94333
99391
32051
80725
20019
58023
14843
7207
29999
77479
13923
77171
10903
32479
55937
76927
70511
76299
33156
55819
9395
64039
42637
65447
90736
43707
63159
25499
85247
18567
14093
84567
14094
20876
88551
67221
33475
84937
36533
33691
33665
100707
44687
17875
38887
32475
83503
25691
21991
1602
80460
12627
80581
91119
14049
88395
36803
88359
87991
10439
18403
75267
55823
100487
45007
31777
71573
38191
24371
16279
83807
84535
550
979
60910
6959
34011
1555
61575
54595
12299
28039
9019
55663
35567
18979
71831
29911
52543
16283
58767
21847
54975
45819
79707
72471
40367
40491
68043
13675
25471
38223
18255
63867
88339
63639
49843
79191
62183
83799
100363
46819
82171
79479
31224
12767
13729
69499
76399
17859
27227
27863
45185
67951
19112
13951
62571
87343
35491
85031
68523
24783
55035
3455
72615
38523
79275
81107
13267
38427
71435
18579
25759
33963
66431
79059
63775
84811
63663
88259
6781
23503
44047
27223
84595
95093
12973
8120
23711
23251
28695
55679
23739
91585
22516
59547
85659
72227
87115
46119
66643
21695
26623
19579
11807
17481
65463
58383
13875
65063
92359
58239
37927
65793
19059
13651
33481
71747
4563
63527
60375
59255
61847
44999
47231
4803
39419
14179
69107
4151
69031
42539
28927
63476
31363
91323
100041
30247
30319
14867
96343
76835
7995
26643
71156
92043
69827
69871
27951
60135
99279
6475
19303
18735
18687
18671
32029
13499
40291
28579
60459
8423
86739
93343
15559
92528
42631
17975
87575
87751
86915
28951
42695
15683
47027
31483
47239
3759
395
37707
44675
18667
64619
27939
31947
50663
56475
76695
27623
35099
10985
33071
1087
63984
211
18859
12711
47071
54567
61843
94421
21203
57363
66683
87571
92255
36083
87327
40975
64811
31351
42271
30755
96335
47963
101304
4979
48303
80219
11555
46351
89863
58995
90099
70151
58047
70015
4755
95627
95635
11357
91695
25479
57989
64338
92329
23493
60537
90543
14309
94473
36019
87747
91151
68957
66631
64899
42871
36139
67699
7622
12555
101051
95475
72971
97643
25007
62811
17015
46887
26627
87311
18471
98087
93551
2075
90779
34307
94790
92671
179
15155
14351
6152
99167
81507
59975
91051
10435
6104
71875
80351
13136
84085
19991
14199
27529
19723
44319
99063
101179
47543
54043
101755
80759
21379
2163
40351
23805
58887
64383
66427
91231
31591
2407
92499
99460
92511
94507
23927
94807
15351
99327
7603
91044
91139
67879
5841
36263
33751
70243
94811
19875
14227
19315
14539
19675
11195
1639
69835
2791
15579
82799
46823
63155
34495
35071
80179
82691
52991
56623
59561
89787
83477
2514
27127
6535
31071
14739
84907
99115
37532
39635
13591
94012
83422
19624
101023
2067
19649
99827
101559
101067
24543
33119
23859
76735
82607
4047
99399
13839
22071
19851
89703
27961
64459
18767
74693
34523
20787
73291
61923
32531
48079
14639
18699
87723
87695
10617
40879
91779
44359
99539
99651
227
10767
47367
96311
87495
85487
1743
82871
40015
50555
33263
41911
30735
24039
37887
100243
27323
26972
5919
74067
16955
80119
87377
35235
35429
87605
87853
43229
78369
24559
85783
99703
17628
24503
30791
10167
91651
25291
13995
91655
60673
42251
59271
60667
58703
19567
23215
11291
21753
48011
44035
57551
68119
12385
69511
53348
83332
16603
101203
26255
97879
18044
97471
831
55143
28387
77087
55427
85519
14951
44419
32352
15103
18095
5439
71711
26343
46291
84327
25672
98511
10989
1347
8223
32175
90587
94709
92088
12388
69917
45263
17451
44775
45283
71323
98921
69727
14391
29495
85887
101823
80303
22395
1923
22803
3695
8391
3367
6307
22615
5383
80599
3827
83624
53627
16123
77259
86743
17095
90139
12179
56331
54132
69371
70507
44343
92731
101241
98537
68130
42723
44863
92155
85495
4863
85655
20571
22835
99627
15655
32559
53895
88451
45335
38451
96861
90503
73991
85095
84639
48433
83275
55479
70955
94817
17099
16499
93967
16431
87413
92819
63191
85603
54671
46955
40091
34303
73589
92395
11395
16699
90823
17487
88775
18155
30511
45520
57043
5801
79187
57063
71351
83515
48515
27197
23759
19187
87023
15216
56363
20400
56955
94004
84887
2095
843
66575
54523
77799
65743
38571
64931
71983
76955
16843
46627
17455
7003
6943
15083
69515
57051
94955
57023
94954
45437
81295
66787
7683
7477
66899
29531
71091
91259
11091
85571
34029
13793
69671
63675
27187
38603
77547
37623
15407
46407
2479
55475
58256
56031
55791
87292
56883
97363
90467
47663
56911
79195
56099
56943
7203
84839
59663
27731
77163
77147
35627
70827
11179
6327
46715
37035
37863
63263
36485
54547
68862
32691
44791
7679
44155
46483
73863
33607
15067
43623
29759
31099
48361
70675
27565
36255
96531
36331
82843
30309
63907
72313
79475
20007
46557
719
44427
87707
72511
34207
45107
44855
97297
96619
42513
29739
668
3471
25879
21999
69856
54919
23527
15607
23523
73231
22031
20907
23035
1233
87615
513
39983
77963
19999
100195
56003
56007
44315
40383
76071
44755
96795
30091
85019
88843
63351
21263
41891
3659
23603
27979
19443
819
21895
14963
21023
33111
3013
4423
6433
46883
38167
32731
41847
87251
62727
101903
102079
33759
18863
96968
69847
89103
20139
26487
80907
17127
14735
31823
14823
22963
15031
38742
32443
21807
45779
46179
32839
27051
31695
9183
24079
17819
26171
82731
24871
91675
91143
15455
91043
72735
72547
46842
91507
4671
44117
89575
39095
32751
37427
32707
32855
46703
42535
21907
17853
57259
38876
2498
91171
37395
39349
91691
13551
84605
29159
41131
66267
21659
45775
35715
20799
71291
2145
11439
11201
98364
54253
36051
16871
23313
86523
20963
96804
59059
27736
91291
80711
32369
11187
1379
92742
28031
26295
2297
43503
101308
52509
97914
25525
36027
88383
55711
28873
42595
3839
16416
44167
35095
27603
42335
4203
42587
35331
42223
97431
35861
69367
101375
47703
82591
97889
96541
42911
87259
41159
84183
86263
87543
87739
43763
87429
11787
34363
13119
66545
64595
20863
69079
4951
6355
70655
84171
25787
33001
40363
24699
55801
86615
61864
45875
56279
33011
42295
89448
52723
91783
30401
58671
56483
53003
63891
83525
82455
55767
10823
84719
28007
67343
71373
10271
43703
7263
67983
2963
507
59423
61632
29881
47039
45877
18751
42767
27215
42743
55567
23427
69579
70871
25211
62675
95191
82707
38375
99907
8539
93459
70279
12720
39831
69523
94915
4639
4327
26383
63715
94627
30803
90413
67571
30847
70252
30681
41611
29379
15855
90031
27815
84875
24847
23595
32059
40747
1543
66835
67739
14123
53615
17523
97283
64231
2815
69153
24223
86207
33565
77103
52535
43359
1815
26923
92291
67952
90923
69991
35547
71851
66380
47151
2943
25719
68112
94279
32943
20847
16775
65103
20849
56259
66935
5055
66927
27895
58791
44731
62663
32255
62633
279
6755
69271
23296
28959
47155
99227
16119
43887
10369
47547
67509
55059
86995
22279
64023
58287
70621
89367
40853
69492
67759
34431
73427
58867
4295
60143
77827
74235
64403
11171
76983
31369
12331
91015
3519
14959
59570
41055
94933
38627
45659
47511
59863
60123
21699
59087
84063
4879
7281
37067
64652
31965
86159
54731
101963
59783
20527
47887
20423
20531
20431
1591
91899
9339
57013
99087
52821
33155
75567
73735
74343
72883
2781
89741
11955
89067
27039
15475
95351
95928
39851
20268
90455
57709
84527
17531
67331
18515
86900
40939
71304
69139
30063
49323
45795
22483
57139
99491
29295
13643
100683
80636
96987
13656
39407
38787
39135
85651
15284
27395
85171
97895
2215
15479
19888
71355
79451
92023
34807
80247
17359
87103
39907
64731
45967
36795
8283
73979
44375
74533
39403
83717
59727
53295
96503
28423
33779
54031
44179
47595
46423
59731
70951
49408
88117
57097
31131
23119
11375
2103
18059
16695
5065
13887
18399
18295
16635
43043
32723
13981
30119
43265
9615
41083
37515
30743
76931
96515
36185
18271
12515
13283
13171
15471
22611
93629
47839
97991
93603
74927
32623
45805
75921
48971
5587
31715
75175
61335
711
75499
76271
28661
33575
75824
68895
54243
68875
80199
60219
35109
100037
89492
27681
63089
79723
16111
49805
94991
40849
36687
40140
39890
38727
39515
3571
39615
161
39307
26039
18239
9419
84099
33455
56707
100495
89399
70663
30419
15791
32035
53617
975
21375
89049
92905
86987
92919
42003
86483
67007
40979
122
16979
57943
73719
64395
64979
25459
64975
95639
27807
95543
995
9743
40789
83171
53863
101847
27559
2555
83027
95379
95459
100951
31305
78887
50231
95463
95735
29329
29515
53289
39963
70165
85463
85075
79307
29115
13523
86937
95281
55201
43331
26707
26079
79587
8001
15199
96295
2835
18184
23219
5268
30295
94773
91747
13915
70963
71012
21144
83211
14935
6457
28843
43769
45723
56655
24327
27335
46067
1683
24153
87597
6495
5175
63999
56267
89797
29887
57311
60073
30287
25307
40623
54497
57431
39047
4995
53325
29595
27983
21311
12503
11239
20189
29583
41397
68353
27787
98799
56689
89515
73111
38307
44251
95573
15983
74691
19379
98903
95731
44229
8661
17699
44547
11611
28403
97849
72271
1175
30051
90304
29441
101911
96771
76875
54815
72199
35575
21995
3187
19359
45639
37983
101135
5155
100695
42311
65291
31215
83943
6453
64909
100027
90652
15283
95013
34167
10775
23675
87447
97867
88731
54923
44503
19927
63619
83875
57411
63143
84367
18991
1771
11483
39377
92173
80559
42837
74819
63559
21299
34743
2831
94394
79496
25889
93179
28879
735
64719
80331
20179
7287
21633
18335
99383
72151
18297
72599
54079
62707
16827
53063
30199
88311
29543
47539
7440
31083
31337
903
36711
47667
54355
10847
26863
90223
55155
54275
26699
29627
47743
25367
13785
56263
63195
3079
58175
34007
100151
42011
35679
5539
4099
75539
63593
4883
53143
1635
15807
67935
77804
57579
59203
50916
47856
54427
26311
32755
41783
10779
5239
20883
89899
70162
31687
10863
4297
89823
64515
40535
72963
64347
7851
43407
83704
1079
54215
60147
42679
73477
15397
28191
53865
12053
14991
25535
77579
17411
12003
47555
11379
2031
31915
21095
70891
57291
67371
27859
72123
40963
43495
59887
38415
59507
58859
59347
59795
100051
59699
6817
17075
61789
85853
77803
763
23871
41813
6419
58812
32279
119
85907
96071
531
70931
98858
10400
53715
88027
79216
76395
101347
20535
43547
20475
20151
55631
81391
41087
17879
771
94011
74175
75596
74463
74335
74467
65403
68199
54051
100755
68631
84303
33309
95075
7178
13763
21011
59431
44255
91679
72591
65515
79783
72467
3264
91023
84583
3441
23987
81096
38723
22515
8171
86575
4603
20833
73769
35387
35435
84859
27575
54471
98527
91095
77055
65203
5807
6351
45331
65167
6847
87791
88047
63821
17299
74043
11027
74255
41671
37699
31932
10067
19517
56823
66571
7051
54795
93455
77219
29955
59211
66815
34239
53919
26359
63967
28991
21623
35933
38536
87947
76683
59543
26051
25543
26347
40991
44619
25915
57151
53839
41787
98711
98451
74455
41807
74421
74477
80251
44603
43471
50245
54171
57744
57119
92307
91879
90643
71431
55047
90811
48135
3188
97427
101175
69793
25671
93701
63547
73975
32383
73931
30543
25505
18559
35795
22291
90303
53035
59235
42519
80635
41099
27775
38087
42203
37836
95749
54903
96523
98638
97935
98331
21215
19039
21516
57717
65601
12755
98431
28363
65431
66759
46731
9379
2863
8633
82230
14118
83715
4807
44063
87895
14139
20157
12991
3551
22307
83459
92047
90883
85379
83639
4941
30087
39099
31677
31723
42979
74540
29335
88635
97919
33531
19753
38655
33519
84529
22733
2455
98263
97557
86027
9375
36499
2899
26011
72627
67183
2351
98703
98707
98423
47191
28555
73365
15584
9443
30461
7427
84555
33807
2571
12999
72231
38019
16023
5119
63883
34679
45591
58927
30147
84775
10068
67587
33031
86375
95047
45371
72939
89599
100663
10799
46871
23175
31709
90211
14663
6015
90207
82600
82927
31109
91347
40723
66511
4267
32907
19307
22663
65765
20215
12123
22671
53815
15803
66123
65363
53911
4019
34107
13075
60295
44275
98828
3811
18087
1655
98037
13131
10719
44225
30363
91039
44423
67719
57935
43587
12895
60131
68487
67839
68823
7987
60643
55759
94029
8711
52611
88687
72443
48019
36915
30159
247
40611
38095
39839
71179
12187
40951
20295
68955
69007
68275
68899
68763
563
35700
19344
6675
17267
45547
28327
30967
37747
71395
4539
40559
40187
40615
35767
39059
42167
39641
56315
62863
2707
663
34861
71011
20513
99071
98623
52507
3431
3347
72087
28175
24411
33543
80144
85251
66675
19043
100247
95187
14221
19619
100019
88545
90944
11499
93707
53550
95553
100389
48913
96395
20143
81308
30823
92711
88967
89111
93055
5185
93063
60863
25035
73335
99951
65015
19837
64419
58279
92534
64987
10047
76571
83059
5207
34355
53859
83099
87811
97680
10873
30937
31499
11795
4495
21642
32411
31575
5695
90003
76871
15573
67023
3823
56499
99823
80967
92471
99787
64053
23991
32727
64171
78251
65371
64851
37915
34407
66055
53971
38437
4407
47124
57803
58855
20031
15315
39925
21611
96083
83087
80419
96596
24099
94255
52443
36631
27783
36695
39619
35651
36935
36943
40731
6591
34199
67827
15539
101259
88191
65532
71275
15731
95577
2179
47031
10639
13895
14931
16723
96763
3023
97671
19451
419
45359
21931
90143
90103
88074
25440
99218
42901
76147
26235
87
10171
68056
28871
64311
107
1979
89627
77775
63735
29015
19711
96219
99779
14291
19707
18003
42747
17403
80451
82235
94385
85097
37967
53723
70107
56791
71003
90867
54535
5039
91483
13375
7407
55179
19035
22319
55067
80619
68323
101891
48347
50883
75459
65419
18575
43377
86837
92863
84239
50846
54459
72407
71567
84723
22011
71959
26163
26415
10079
90239
68867
22465
68431
6407
43383
56759
83231
3915
12007
85871
64815
90565
5115
82695
73215
72083
44012
89339
48271
89323
41651
23951
72339
14599
62879
15647
67461
100467
13195
100561
20287
69875
57843
98579
59475
13299
68719
59487
59927
58807
94519
31849
85995
25747
57783
77639
94735
53887
8683
86255
85735
59453
57027
101187
27999
17669
40333
27447
37547
70323
85763
67019
29239
22795
100547
30707
7805
100523
63932
73447
39701
34943
53539
7803
399
45239
41827
91399
68607
68611
41267
64915
76637
5025
64887
88055
19717
80411
97571
22077
2495
90731
92343
70627
27871
89019
96831
97611
71183
19063
16939
20491
9003
4733
90231
68983
82975
75371
43419
5329
61059
13723
34728
54605
88935
8933
69008
71051
82581
55027
91955
32843
42782
84547
791
31495
59599
59931
77211
59191
3535
30959
98839
6999
24263
17111
67851
56167
7775
40503
36503
57143
73287
56287
23671
80171
66051
77139
67811
97495
55115
25147
44131
47444
21135
38859
8775
52619
45655
42091
21560
2951
100275
68671
52647
53155
38279
100787
58395
13183
7519
64667
69547
40377
35659
60859
48307
71379
57299
1143
24351
91827
97423
31355
98491
67831
63531
40647
40083
68927
32375
88475
54799
71199
42273
29203
57340
28750
33323
15048
20919
43991
34739
98335
83540
34171
101720
31244
76477
96473
101741
47804
19685
26575
17151
9173
76509
20053
22855
71675
100743
77353
99043
46915
89083
26419
92383
29027
44555
96882
53187
11151
90591
46055
64267
101987
26319
38495
53450
29287
67659
7583
65451
6595
86067
78987
48032
32615
58943
31464
63003
7103
60415
100735
32295
10139
23795
7299
47687
83047
16327
85831
58523
94408
52679
40455
89691
50387
68439
68435
40543
13559
76852
20800
54555
2711
52683
33287
78707
8227
70431
94731
33527
61903
59971
72223
28559
85163
96375
66819
23683
92647
89667
94619
29043
84249
83012
82655
31366
97375
4215
68479
57295
41115
102015
24195
77631
95079
27931
85311
64995
53131
47375
723
47479
12159
46079
70067
55867
23327
68367
15151
90366
77789
94787
77603
79285
43127
62683
9444
27831
21149
90848
101583
70852
14331
16183
17055
96703
17995
27167
28135
6199
4983
35023
42359
62555
28245
90527
26519
59809
13251
76691
55105
20651
101163
42389
11451
33275
5467
102043
98915
101751
64319
27163
16987
98943
66331
58987
89071
59403
59611
96723
21015
60163
84575
66159
83135
90119
39715
85155
33763
89791
94247
72167
85943
77959
45867
101315
23849
22343
45363
10019
4029
72207
83731
35135
99803
101943
17223
64971
62979
33187
59867
16623
6791
48243
58167
21739
1031
15035
46139
80539
71327
2539
28587
68151
15812
5979
12727
17729
67391
82787
33631
14731
22951
83227
56043
44795
63181
4763
55911
36867
41025
84955
15059
26773
86499
69923
4579
25083
73119
97203
2671
36919
48039
28643
53535
47391
46903
53231
91735
52583
99999
28415
29940
17259
72635
49513
2259
94987
85047
99507
38139
99547
44495
63471
92013
28995
97487
76757
68217
96551
19533
19353
40885
19192
27183
19736
22447
4311
22567
79591
59671
90847
28921
47099
37207
59497
76917
30387
44627
32268
74052
93161
52786
92485
57659
40865
98339
11247
3743
79347
32935
26939
45671
90679
63007
57395
16395
6123
97839
12823
97672
22763
79471
54611
5231
13859
53931
64935
72565
77531
29352
52631
26958
56629
47299
30603
1043
55315
15481
70463
71580
8863
69863
102000
100775
100491
6167
54067
97823
99831
85139
97887
19071
97939
80819
58783
19067
58223
84815
76328
79939
47503
33383
24991
5255
62075
44497
69783
48219
15041
77387
97967
77611
38035
88771
88483
52079
74047
56395
84415
97157
69663
101827
102067
10657
97523
79383
33715
31999
62340
19143
64555
26945
85807
53027
917
76613
4387
67224
72788
51343
52035
42500
49235
34831
99511
72669
14947
16295
99476
10451
15827
31863
71915
31691
34579
13607
96833
15135
19551
13847
16399
46977
3123
64559
46698
30099
84703
100123
31239
100511
3866
28819
20135
20900
68419
87779
88415
19101
38639
96451
93933
91466
2087
67883
30715
27475
25919
11751
85023
14967
85467
6128
39705
32007
100840
8615
42527
65829
101699
1791
91921
77663
76203
8323
95569
83095
26391
11981
63511
59557
58131
69551
101623
42608
56187
50047
94539
72519
5495
100463
86107
32019
88151
25051
46311
21507
92559
27461
92803
92923
96612
92679
46771
1133
80775
47385
68135
34551
30851
91743
68639
94675
92683
6665
11625
94571
38287
96481
4007
37559
51183
68371
53639
70659
34345
83751
30858
26117
18995
53641
2935
91159
30887
14847
38463
88063
19563
32103
58019
65391
63835
63307
51967
66111
49123
51255
51007
6087
50849
94973
80381
99517
39736
94976
25779
76413
2379
11663
8108
4185
84109
71971
13799
35245
19545
19411
22747
23572
100839
45593
29399
28771
14869
25423
68403
8817
54195
80279
68263
56767
46191
32011
70593
44279
7783
101073
35559
62729
87951
90951
22303
3611
56603
68887
54231
70119
3847
7815
68923
69063
55775
33551
66399
86191
95098
66363
56651
95557
50103
72059
91548
62323
14897
47313
45479
10241
24984
19241
92807
98485
1715
19767
92843
88471
94759
88459
52471
97051
10883
16675
28599
63011
77115
58595
11599
68599
21171
92347
53503
34231
97223
11989
66999
29163
1843
90107
33067
46659
90661
25079
9317
14793
58515
73099
29211
18163
19667
88575
101403
5291
25687
80163
57627
6527
66147
65527
66155
66167
50967
49187
84735
55292
65379
8523
22840
58101
24623
44967
36539
1479
3737
80135
88211
91943
19263
57983
29473
84027
96875
12928
29824
90021
43659
46789
26653
18635
77395
89335
92105
28255
66411
40509
38455
85343
101563
67863
12587
92959
30171
1731
37671
41327
100287
98503
37971
71587
47847
8703
60447
55787
33675
69067
21117
40254
16237
66327
66479
62985
91103
30947
95583
91011
36419
79771
88115
31983
58091
36979
101781
1891
30353
53028
16163
14011
6431
18571
42491
80895
19172
57561
74356
11414
4851
26071
52923
61011
98471
27371
50491
84711
37679
59259
35555
3855
11587
10971
79559
99643
83587
68391
94359
54239
74243
100751
6007
44391
